6.6069E-03	4.0832E+02
8.4140E-03	7.0307E+02
1.2078E-02	1.4488E+03
1.8450E-02	2.9854E+03
2.4946E-02	5.4576E+03
3.1769E-02	9.9770E+03
4.2954E-02	1.7179E+04
5.8076E-02	3.1405E+04
7.8524E-02	5.7412E+04
1.1282E-01	1.1143E+05
1.6222E-01	1.8072E+05
2.3318E-01	3.1117E+05
3.7862E-01	5.0350E+05
6.1518E-01	7.2444E+05
1.1999E+00	9.2470E+05
1.9503E+00	1.1092E+06
3.5818E+00	1.2531E+06
6.9888E+00	1.5066E+06
1.4488E+01	1.7022E+06
2.6607E+01	1.9275E+06
4.8865E+01	2.0512E+06
9.5499E+01	2.1827E+06
1.7539E+02	2.1878E+06
3.0269E+02	2.4717E+06
5.5590E+02	2.6303E+06
1.1535E+03	3.1623E+06
2.2491E+03	3.7931E+06
4.1305E+03	4.5604E+06
7.1285E+03	5.8076E+06

