1.6144E-04	7.3451E+02
2.0559E-04	1.1912E+03
2.6182E-04	2.0512E+03
3.9994E-04	3.5318E+03
6.4863E-04	6.0814E+03
9.9083E-04	9.2683E+03
1.6106E-03	1.3335E+04
2.4604E-03	1.6982E+04
4.2560E-03	2.4434E+04
7.3451E-03	3.5156E+04
1.1912E-02	4.7534E+04
1.8239E-02	6.4417E+04
2.7861E-02	9.8175E+04
4.5290E-02	1.4125E+05
7.3621E-02	2.0324E+05
1.1241E-01	2.9174E+05
1.9413E-01	3.9537E+05
3.3520E-01	5.3456E+05
5.7903E-01	6.8234E+05
9.9997E-01	8.6896E+05
1.7274E+00	1.0447E+06
3.3698E+00	1.3305E+06
5.8224E+00	1.5031E+06
1.0069E+01	1.6032E+06
1.8493E+01	1.8113E+06
3.1915E+01	1.9275E+06
5.8614E+01	1.9320E+06
1.1455E+02	2.1827E+06
1.9770E+02	2.3227E+06
4.1020E+02	2.4774E+06
6.6681E+02	2.7990E+06
1.3032E+03	3.3574E+06
2.2491E+03	3.7931E+06
3.8905E+03	4.2855E+06
6.7143E+03	5.1523E+06

