5.4954E-03	6.6069E+02
6.9984E-03	1.1350E+03
9.4624E-03	1.9543E+03
1.2794E-02	3.3651E+03
1.7298E-02	6.1518E+03
2.3442E-02	1.0593E+04
3.1696E-02	2.0559E+04
4.5499E-02	3.7584E+04
6.9502E-02	6.0954E+04
1.0000E-01	1.0495E+05
1.4371E-01	1.5996E+05
2.0673E-01	2.3014E+05
3.7940E-01	2.9309E+05
6.1674E-01	3.7411E+05
1.0656E+00	4.2267E+05
1.9561E+00	5.0699E+05
3.3806E+00	5.7280E+05
5.8412E+00	6.4714E+05
1.1402E+01	6.9024E+05
2.0941E+01	7.7983E+05
4.0832E+01	9.3541E+05
7.9799E+01	9.9770E+05
1.4655E+02	1.1272E+06
2.2387E+02	1.3521E+06
3.6392E+02	1.6218E+06
6.2951E+02	1.9498E+06
1.1535E+03	2.4831E+06
1.9953E+03	3.1696E+06
3.6559E+03	4.0365E+06
6.7143E+03	5.4702E+06

