2.8184E-03	6.5917E+02
3.1769E-03	1.0666E+03
4.2954E-03	1.8365E+03
5.8076E-03	3.1623E+03
7.8524E-03	5.4325E+03
1.1298E-02	9.3541E+03
1.6218E-02	1.6106E+04
2.4774E-02	2.7733E+04
4.5499E-02	4.7753E+04
8.3368E-02	6.8707E+04
1.6263E-01	9.3111E+04
2.9854E-01	1.1885E+05
5.4802E-01	1.4256E+05
1.0690E+00	1.8197E+05
1.7378E+00	2.1827E+05
2.8249E+00	2.6182E+05
4.5909E+00	3.3343E+05
7.9287E+00	4.5186E+05
1.3709E+01	5.7677E+05
2.3659E+01	7.7983E+05
4.3351E+01	1.1220E+06
7.9616E+01	1.5205E+06
1.3740E+02	1.8239E+06
2.5235E+02	2.1878E+06
4.6345E+02	2.4774E+06
9.0365E+02	2.9717E+06
1.7660E+03	3.5727E+06
3.4435E+03	4.2855E+06
6.3241E+03	5.1523E+06

