6.99841996002273E-005	10000
8.62978547766969E-005	16032.4539069004
0.0001061696	24322.0400907382
0.0001380384	38994.1986676544
0.0001986095	59292.532458
0.0002716439	85506.6712884685
0.0004570882	136772.882559585
0.0007311391	177827.941003893
0.0012331048	231206.47901756
0.0019678863	285101.826750391
0.0034914032	369828.179780266
0.0050350061	389941.986676544
0.0089330548	456036.915951296
0.0142889396	480839.34844973
0.0228034207	506990.708274705
0.0384591782	533334.895487622
0.0756832895	562341.32519035
0.1343692831	592925.32458
0.2263080487	623734.83548242
0.3811535771	657657.837355421
0.6419482215	693425.80601657
1.0813343521	693425.80601657
2.2433653104	769130.440286611
3.9810717055	901571.137605958
7.0648020862	1054386.89639126
11.2979591467	1300169.57803329
20.0447202737	1442115.35152487
30.4088502568	1603245.39069004
56.8852930844	1686553.02538875
100.9252886077	1778279.41003892
161.4358556826	2079696.6871037
286.4177969907	2432204.00907382
534.564359397	2703958.36410885
948.4184633009	2999162.51898766
1599.5580286147	3162277.66016839
2691.5348039269	3698281.79780266
4775.2927365769	4325138.31035009
8472.274141406	5623413.2519035

