3.0130E-04	2.4322E+03
3.9084E-04	4.1115E+03
4.5709E-04	6.9343E+03
6.2517E-04	1.1092E+04
8.1096E-04	1.8750E+04
1.0544E-03	3.1623E+04
1.3677E-03	5.0699E+04
1.8707E-03	8.5507E+04
2.5586E-03	1.3677E+05
3.6813E-03	2.1928E+05
5.0350E-03	3.5075E+05
6.8865E-03	5.6234E+05
9.9083E-03	7.6913E+05
1.6711E-02	1.0544E+06
3.1189E-02	1.2331E+06
5.5335E-02	1.6032E+06
9.3325E-02	1.6866E+06
2.1483E-01	1.9724E+06
4.0161E-01	1.9724E+06
7.5076E-01	2.1928E+06
1.3320E+00	2.1928E+06
2.3637E+00	2.3121E+06
4.1937E+00	2.3121E+06
8.2604E+00	2.4322E+06
1.5453E+01	2.5645E+06
2.7416E+01	2.5645E+06
4.6132E+01	2.7040E+06
7.7804E+01	2.8510E+06
1.3092E+02	2.8510E+06
2.0941E+02	2.8510E+06
3.5237E+02	2.9992E+06
5.6364E+02	3.1623E+06
1.0000E+03	3.1623E+06
1.6827E+03	3.5075E+06
2.8379E+03	4.1115E+06
4.7753E+03	4.8084E+06
7.6384E+03	5.3333E+06

