1.18E-04	4.11E+04
1.88E-04	5.93E+04
2.86E-04	8.55E+04
5.08E-04	1.05E+05
1.00E-03	1.23E+05
1.87E-03	1.44E+05
3.15E-03	1.69E+05
6.89E-03	1.97E+05
1.16E-02	2.19E+05
2.28E-02	2.43E+05
4.50E-02	2.70E+05
7.57E-02	2.85E+05
1.34E-01	3.00E+05
2.38E-01	3.33E+05
4.70E-01	3.90E+05
8.78E-01	5.07E+05
1.40E+00	6.24E+05
2.24E+00	7.69E+05
3.59E+00	8.55E+05
5.73E+00	1.00E+06
1.07E+01	1.17E+06
2.11E+01	1.37E+06
3.75E+01	1.52E+06
7.38E+01	1.78E+06
1.31E+02	1.87E+06
2.20E+02	2.08E+06
3.91E+02	2.43E+06
7.31E+02	2.56E+06
1.30E+03	3.00E+06
2.43E+03	3.33E+06
4.08E+03	4.33E+06
6.89E+03	5.33E+06

