0.0001061696	7691.3044028661
0.0001309182	11694.9939101987
0.0001790606	19724.2273611486
0.0002322737	33342.6412763235
0.0003013006	50699.0708274705
0.0003908409	81096.1057853841
0.0005636377	123310.483322891
0.0006950243	160324.539069004
0.0010543869	256448.403651772
0.0019678863	369828.179780266
0.0033189446	480839.34844973
0.0065313055	562341.32519035
0.0128528666	731139.083483418
0.0228034207	810961.057853842
0.0384591782	810961.057853842
0.0682338694	901571.137605958
0.1210598134	1000000
0.2038919127	1000000
0.3618261907	1054386.89639126
0.6093965623	1054386.89639126
1.1392000622	1169499.39101987
2.1296096202	1233104.83322891
3.5867408577	1300169.57803329
5.7345586655	1300169.57803329
11.2979591467	1300169.57803329
19.0107827992	1367728.82559585
30.4088502568	1520547.5297325
48.6407205691	1778279.41003892
81.8464788135	1874994.50806742
130.9181922999	2192804.93535045
198.6094917357	2192804.93535045
317.687407065	2564484.03651772
508.1594425606	2703958.36410885
855.0667128847	2851018.26750392
1297.179270984	3162277.66016839
2187.7616239496	3698281.79780266
3881.5036599065	4111497.21104523
6194.4107507678	4808393.48449729
9908.3194489277	6237348.3548242

