7.60326276940181E-005		40644.3329165213
0.0001093956		55590.4257270404
0.0001489361		72110.74791829
0.0002254239		98627.9485631212
0.000379315		104231.74293933
0.0006053409		109900.583943252
0.0009660509		115877.735615513
0.0017100153		116144.861384034
0.0028707806		116412.602941049
0.004830588		110917.48152624
0.0081283052		110917.48152624
0.0136458314		111173.172728159
0.0282487997		100461.57902784
0.0450816705		95499.2586021438
0.0797994687		90991.3272632251
0.1414164725		95940.0631515935
0.2636331386		101391.138573668
0.4205329212		118576.874816716
0.7836100549		146554.784095591
1.2496833972		180717.412601093
2.2115664858		211348.903983665
3.3481121739		260615.35499989
5.6221185622		338844.156139203
9.9471805308		417830.366646623
17.5792361396		515228.644581757
34.5143739336		635330.931851745
58.0764417521		706317.554262963
97.4989637717		746448.758410067
155.5965631605		829850.767514422
235.5049283896		920449.571753174
357.2728381519		1023292.99228076
568.8529308438		1196740.53130725
907.8205301782		1640589.77319954
1606.9412530129		2023019.17867827
2558.5858869057		2766941.64541152
4295.3642676489		3589219.34645006
6501.2969034309		4909078.76152603

