6.9024E-05		8.5507E+03
8.9331E-05		1.2331E+04
1.1561E-04		1.5996E+04
1.5776E-04		2.1878E+04
2.1528E-04		2.9923E+04
2.9376E-04		3.8815E+04
4.0087E-04		5.3088E+04
5.4576E-04		7.6384E+04
7.4473E-04		1.0990E+05
1.0691E-03		1.5849E+05
1.5382E-03		2.2803E+05
2.4491E-03		3.1189E+05
3.9084E-03		4.0551E+05
6.5615E-03		4.7534E+05
1.1015E-02		5.2723E+05
1.7620E-02		5.0234E+05
2.6669E-02		4.7753E+05
4.0458E-02		4.5394E+05
6.7920E-02		4.1020E+05
1.2039E-01		3.6983E+05
1.9222E-01		3.3420E+05
3.4041E-01		3.1842E+05
6.0284E-01		2.8708E+05
1.0139E+00		2.5942E+05
1.7956E+00		2.4660E+05
3.0179E+00		2.4717E+05
5.3444E+00		2.4774E+05
1.0495E+01		2.3605E+05
1.9588E+01		2.3659E+05
3.2885E+01		2.9174E+05
5.5208E+01		3.4119E+05
9.2897E+01		3.9994E+05
1.5596E+02		5.2000E+05
2.3605E+02		6.3973E+05
3.7584E+02		8.7498E+05
5.6885E+02		1.2618E+06
9.5499E+02		1.6406E+06
1.4488E+03		2.0230E+06
2.4322E+03		2.6242E+06
4.0832E+03		3.4119E+06
6.5013E+03		4.6666E+06
9.8401E+03		6.0534E+06

