2.9785E-05		8.7498E+02
4.2855E-05		1.3366E+03
6.9502E-05		2.1627E+03
1.0617E-04		3.4995E+03
1.8323E-04		5.3456E+03
2.9785E-04		8.1470E+03
5.1404E-04		1.1695E+04
8.3368E-04		1.4894E+04
1.3552E-03		2.0137E+04
2.3335E-03		2.7227E+04
3.7931E-03		3.9084E+04
6.5464E-03		5.6105E+04
1.0000E-02		7.1285E+04
1.6255E-02		9.6383E+04
2.6363E-02		1.3032E+05
4.2855E-02		1.7620E+05
6.9502E-02		2.2439E+05
1.1992E-01		2.6853E+05
2.4814E-01		3.4198E+05
5.1345E-01		4.1020E+05
9.4120E-01		4.6238E+05
1.5283E+00		4.9091E+05
2.8016E+00		4.9091E+05
5.7970E+00		4.9091E+05
1.2735E+01		4.9091E+05
2.4831E+01		4.6238E+05
4.2855E+01		4.6238E+05
7.8524E+01		5.2119E+05
1.4388E+02		6.2517E+05
2.4831E+02		8.4528E+05
4.2855E+02		1.1429E+06
7.3790E+02		1.5417E+06
1.3552E+03		2.2131E+06
2.3335E+03		3.1842E+06
4.2855E+03		4.5709E+06
6.9502E+03		7.3961E+06

