4.8306E-04		1.1830E+03
7.3790E-04		1.9187E+03
1.1298E-03		3.1046E+03
1.7258E-03		4.7315E+03
2.4831E-03		6.7920E+03
3.7931E-03		1.0375E+04
6.1518E-03		1.5812E+04
1.0000E-02		2.1380E+04
1.6255E-02		3.0690E+04
2.7990E-02		4.1495E+04
4.5499E-02		4.9659E+04
7.8524E-02		5.6105E+04
1.3539E-01		6.3241E+04
2.4814E-01		7.1285E+04
4.5488E-01		8.5507E+04
8.3378E-01		1.0889E+05
1.3539E+00		1.3836E+05
2.3356E+00		1.8707E+05
4.5488E+00		2.8510E+05
8.8593E+00		3.8548E+05
1.5276E+01		5.5335E+05
2.9785E+01		7.0469E+05
6.1518E+01		9.5280E+05
1.1995E+02		1.0116E+06
2.4831E+02		1.0116E+06
4.5499E+02		1.0740E+06
7.8524E+02		1.3677E+06
1.1995E+03		1.7418E+06
1.9454E+03		2.2131E+06
2.9785E+03		3.1842E+06
4.5499E+03		4.2954E+06
6.9502E+03		6.1802E+06

