1.21E-04		4.07E+04
2.04E-04		4.53E+04
3.80E-04		4.78E+04
6.40E-04		4.79E+04
1.26E-03		4.80E+04
2.11E-03		4.34E+04
3.74E-03		4.35E+04
6.62E-03		4.36E+04
1.37E-02		5.11E+04
2.42E-02		5.68E+04
4.52E-02		7.38E+04
7.59E-02		9.10E+04
1.27E-01		1.18E+05
2.37E-01		1.70E+05
4.20E-01		2.10E+05
7.42E-01		2.73E+05
1.38E+00		3.55E+05
2.45E+00		3.94E+05
4.33E+00		4.39E+05
8.96E+00		4.63E+05
1.51E+01		4.89E+05
2.81E+01		4.90E+05
5.24E+01		4.91E+05
1.03E+02		5.46E+05
1.56E+02		5.77E+05
2.62E+02		6.75E+05
4.18E+02		8.32E+05
7.38E+02		1.03E+06
1.24E+03		1.40E+06
1.88E+03		1.73E+06
2.84E+03		2.25E+06
4.31E+03		2.92E+06

