5.4576E-04		1.3366E+03
8.3368E-04		2.1627E+03
1.3552E-03		3.4995E+03
2.1979E-03		6.0256E+03
3.7931E-03		9.7724E+03
6.1518E-03		1.5812E+04
9.4189E-03		2.2699E+04
1.4388E-02		3.4594E+04
2.4831E-02		5.6105E+04
4.2855E-02		9.0782E+04
7.3790E-02		1.2274E+05
1.2744E-01		1.6596E+05
2.3356E-01		1.7620E+05
4.2815E-01		1.7620E+05
7.8469E-01		1.7620E+05
1.3539E+00		1.7620E+05
2.4814E+00		1.7620E+05
4.2815E+00		1.8707E+05
8.3387E+00		1.9861E+05
1.4388E+01		2.3823E+05
2.7990E+01		3.0339E+05
4.2855E+01		3.8548E+05
7.3790E+01		4.9091E+05
1.4388E+02		6.2517E+05
2.3335E+02		7.9433E+05
4.8306E+02		1.1429E+06
7.8524E+02		1.4521E+06
1.3552E+03		1.9634E+06
2.1979E+03		2.8184E+06
3.5727E+03		3.8107E+06
5.7943E+03		5.4702E+06
8.8512E+03		7.3961E+06

