0.0001037528		47533.5225942805
0.0001492794		68548.8226452663
0.0002142891		98627.9485631212
0.0003076097		128233.058265602
0.0004425884		175388.050184176
0.0007046931		205116.217882557
0.0013835664		240436.280000694
0.0025822602		240990.542868659
0.0041209752		229086.765276778
0.0065765784		217770.977235316
0.0104954243		207014.134879105
0.0217270118		197242.273611486
0.0365594792		187499.450806742
0.0615176873		169433.780044733
0.1033475059		161064.563517827
0.1830206106		153461.69827993
0.2772681598		153461.69827993
0.4911339996		138675.582887189
0.8696209625		138995.263121335
1.5395719857		139315.680294531
2.3318467232		154881.661891248
4.3471036961		172186.857498601
6.5826384164		201372.424986239
9.9678157115		236047.823318058
18.5780445509		291071.711806661
31.1888958409		378442.584717094
61.2350391725		490907.876152604
102.8016298126		638263.48619055
164.05897732		829850.767514422
289.7343587701		1023292.99228076
599.7910762555		1261827.53459067
1238.7965865304		1819700.85860998
2558.5858869057		2624218.54338444
5023.4258952239		3990249.02362143
9354.0567414755		5754399.37337158

