4.5499E-04		1.1830E+03
7.3790E-04		1.9187E+03
1.1995E-03		3.2961E+03
2.0701E-03		5.3456E+03
3.5727E-03		9.1833E+03
5.7943E-03		1.4894E+04
9.4189E-03		2.2699E+04
1.4388E-02		3.6728E+04
2.3335E-02		5.9566E+04
3.5727E-02		9.6383E+04
5.1404E-02		1.3032E+05
7.3790E-02		1.8707E+05
1.1288E-01		2.8510E+05
2.0692E-01		4.1020E+05
3.5694E-01		4.6238E+05
6.9518E-01		4.9091E+05
1.2744E+00		4.6238E+05
2.1984E+00		4.6238E+05
4.2815E+00		4.6238E+05
6.9518E+00		4.3551E+05
1.1995E+01		4.3551E+05
2.4831E+01		4.3551E+05
4.5499E+01		4.3551E+05
8.3368E+01		4.6238E+05
1.4388E+02		5.5335E+05
2.1979E+02		6.6374E+05
3.7931E+02		8.9743E+05
6.9502E+02		1.1429E+06
1.0000E+03		1.4521E+06
1.4388E+03		1.8493E+06
2.1979E+03		2.2131E+06
3.3574E+03		3.1842E+06
5.1404E+03		4.5709E+06
7.8524E+03		6.1802E+06

