0.000314		9.52E+02
0.0004186		1.27E+03
0.0006445		1.98E+03
0.0008741		2.58E+03
0.001298		3.82E+03
0.001997		5.86E+03
0.002967		8.83E+03
0.004733		1.40E+04
0.006902		2.04E+04
0.01101		3.19E+04
0.01606		4.72E+04
0.02471		7.24E+04
0.04236		1.24E+05
0.07006		2.04E+05
0.09853		2.81E+05
0.1362		3.94E+05
0.2059		6.04E+05
0.3059		9.11E+05
0.4963		1.40E+06
0.7765		1.99E+06
1.11		2.50E+06
1.612		2.87E+06
2.511		3.18E+06
4.12		3.33E+06
6.749		3.18E+06
9.765		2.93E+06
14.64		2.71E+06
21.92		2.37E+06
34.62		2.10E+06
53.71		1.84E+06
84.8		1.60E+06
120.6		1.48E+06
157		1.42E+06

