 1.16800000e+00 1.19413674e+02 1.01251752e+04
 1.27701841e+00 1.68197451e+02 1.11233538e+04
 1.39621235e+00 2.21534592e+02 1.22147001e+04
 1.52653158e+00 2.79850099e+02 1.34079102e+04
 1.66901450e+00 3.43048478e+02 1.46986840e+04
 1.82479645e+00 4.11779289e+02 1.60975464e+04
 1.99511872e+00 4.86244823e+02 1.76096542e+04
 2.18133848e+00 5.66675210e+02 1.91747658e+04
 2.38493956e+00 6.54939118e+02 2.07833012e+04
 2.60754430e+00 7.53527472e+02 2.24539798e+04
 2.85092644e+00 8.66220242e+02 2.42167550e+04
 3.11702531e+00 9.97688504e+02 2.61449159e+04
 3.40796123e+00 1.15162756e+03 2.83018903e+04
 3.72605243e+00 1.33324296e+03 3.07391316e+04
 4.07383354e+00 1.54849862e+03 3.36024457e+04
 4.45407572e+00 1.80241664e+03 3.69662076e+04
 4.86980883e+00 2.10006432e+03 4.08435951e+04
 5.32434550e+00 2.44473021e+03 4.52182300e+04
 5.82130758e+00 2.84128480e+03 4.99880921e+04
 6.36465494e+00 3.30377587e+03 5.50632442e+04
 6.95871709e+00 3.84865561e+03 6.04129236e+04
 7.60822762e+00 4.48958083e+03 6.60012252e+04
 8.31836196e+00 5.23546947e+03 7.17867683e+04
 9.09477859e+00 6.09557621e+03 7.78921116e+04
 9.94366416e+00 7.08111643e+03 8.45269319e+04
 1.08717827e+01 8.21146489e+03 9.18842036e+04
 1.18865297e+01 9.48899040e+03 1.00104739e+05
 1.29959909e+01 1.09153156e+04 1.09273975e+05
 1.42090066e+01 1.25178307e+04 1.19480392e+05
 1.55352423e+01 1.43598831e+04 1.30866090e+05
 1.69852659e+01 1.65160331e+04 1.43449095e+05
 1.85706312e+01 1.91024349e+04 1.57137405e+05
 2.03039709e+01 2.22386836e+04 1.71907413e+05
 2.21990965e+01 2.60747264e+04 1.87760303e+05
 2.42711088e+01 3.08049189e+04 2.04699268e+05
 2.65365178e+01 3.66106211e+04 2.22716882e+05
 2.90133749e+01 4.36439212e+04 2.41659629e+05
 3.17214161e+01 5.21012214e+04 2.61193834e+05
 3.46822196e+01 6.21676884e+04 2.81094606e+05
 3.79193777e+01 7.40327346e+04 3.01353651e+05
 4.14586845e+01 8.79226920e+04 3.22253574e+05
 4.53283421e+01 1.04037678e+05 3.44141116e+05
 4.95591845e+01 1.22611491e+05 3.67425567e+05
 5.41849240e+01 1.43904681e+05 3.92679869e+05
 5.92424193e+01 1.67924329e+05 4.20757829e+05
 6.47719694e+01 1.94576887e+05 4.52006575e+05
 7.08176350e+01 2.23747683e+05 4.86360500e+05
 7.74275890e+01 2.55229288e+05 5.23420123e+05
 8.46545008e+01 2.88767828e+05 5.62690526e+05
 9.25559557e+01 3.24272302e+05 6.03322689e+05
 1.01194914e+02 3.61934766e+05 6.44057203e+05
 1.10640213e+02 4.02584399e+05 6.83400823e+05
 1.20967114e+02 4.47289097e+05 7.20681847e+05
 1.32257904e+02 4.96191803e+05 7.55442721e+05
 1.44602551e+02 5.49402385e+05 7.87142162e+05
 1.58099418e+02 6.06998444e+05 8.15147187e+05
 1.72856051e+02 6.68420279e+05 8.39465074e+05
 1.88990035e+02 7.32274203e+05 8.60809152e+05
 2.06629927e+02 7.96513625e+05 8.80070574e+05
 2.25916285e+02 8.58731294e+05 8.97631033e+05
 2.47002788e+02 9.20034395e+05 9.13720070e+05
 2.70057456e+02 9.81949866e+05 9.28753178e+05
 2.95263993e+02 1.04612134e+06 9.43321014e+05
 3.22823250e+02 1.11334184e+06 9.57560977e+05
 3.52954825e+02 1.18489139e+06 9.71086501e+05
 3.85898810e+02 1.26217799e+06 9.83445717e+05
 4.21917711e+02 1.34674654e+06 9.94428534e+05
 4.61298533e+02 1.43570781e+06 1.00399056e+06
 5.04355069e+02 1.52506176e+06 1.01200992e+06
 5.51430403e+02 1.61075122e+06 1.01829916e+06
 6.02899639e+02 1.69231141e+06 1.02284662e+06
 6.59172895e+02 1.76934550e+06 1.02595493e+06
 7.20698566e+02 1.84152223e+06 1.02800205e+06
 7.87966900e+02 1.90824460e+06 1.02920165e+06
 8.61513905e+02 1.97054926e+06 1.02965469e+06
 9.41925617e+02 2.03070629e+06 1.02948455e+06
 1.02984277e+03 2.09092538e+06 1.02883814e+06
 1.12596591e+03 2.15090693e+06 1.02776140e+06
 1.23106096e+03 2.21031779e+06 1.02611114e+06
 1.34596534e+03 2.26806932e+06 1.02374039e+06
 1.47159462e+03 2.32369528e+06 1.02068017e+06
 1.60894986e+03 2.37722683e+06 1.01707494e+06
 1.75912551e+03 2.42810648e+06 1.01310748e+06
 1.92331821e+03 2.47572234e+06 1.00900096e+06
 2.10283628e+03 2.51941701e+06 1.00501953e+06
 2.29911014e+03 2.55875377e+06 1.00147206e+06
 2.51370376e+03 2.59520795e+06 9.98671403e+05
 2.74832704e+03 2.63006021e+06 9.96626577e+05
 3.00484952e+03 2.66445738e+06 9.95269179e+05
 3.28531521e+03 2.69991490e+06 9.94610489e+05
 3.59195892e+03 2.73817856e+06 9.94665435e+05
 3.92722405e+03 2.78104183e+06 9.95452987e+05
 4.29378204e+03 2.83013756e+06 9.96993226e+05
 4.69455371e+03 2.88597523e+06 9.99336759e+05
 5.13273248e+03 2.94910655e+06 1.00277912e+06
 5.61180984e+03 3.01980066e+06 1.00746760e+06
 6.13560317e+03 3.09811827e+06 1.01342009e+06
 6.70828615e+03 3.18456053e+06 1.02066939e+06
 7.33442204e+03 3.27907112e+06 1.02859533e+06
 8.01900000e+03 3.38240311e+06 1.03726105e+06
