 3.63100000e-02 1.45878360e+02 1.11791700e+04
 3.98263243e-02 1.92743587e+02 1.22242864e+04
 4.36831757e-02 2.44147326e+02 1.33706137e+04
 4.79135314e-02 3.00529093e+02 1.46279533e+04
 5.25535621e-02 3.64395000e+02 1.60059274e+04
 5.76429416e-02 4.38303845e+02 1.75208631e+04
 6.32251856e-02 5.24014098e+02 1.91860983e+04
 6.93480239e-02 6.24551877e+02 2.10123289e+04
 7.60638087e-02 7.44728420e+02 2.29975307e+04
 8.34299618e-02 8.91494596e+02 2.51456542e+04
 9.15094663e-02 1.06275020e+03 2.75012190e+04
 1.00371404e-01 1.26663224e+03 3.01277259e+04
 1.10091548e-01 1.51288517e+03 3.30424329e+04
 1.20753007e-01 1.81286980e+03 3.62518868e+04
 1.32446941e-01 2.19562497e+03 3.97753420e+04
 1.45273336e-01 2.64819680e+03 4.36897369e+04
 1.59341861e-01 3.15538705e+03 4.80428674e+04
 1.74772808e-01 3.75311135e+03 5.27662463e+04
 1.91698114e-01 4.45366377e+03 5.77526497e+04
 2.10262497e-01 5.27526484e+03 6.31740984e+04
 2.30624688e-01 6.28424109e+03 6.90645919e+04
 2.52958789e-01 7.48279174e+03 7.53362282e+04
 2.77455763e-01 8.99003691e+03 8.19183684e+04
 3.04325068e-01 1.09386069e+04 8.88525182e+04
 3.33796443e-01 1.33872017e+04 9.62925440e+04
 3.66121879e-01 1.62739131e+04 1.04586572e+05
 4.01577766e-01 1.96906558e+04 1.13493519e+05
 4.40467264e-01 2.36216497e+04 1.23248980e+05
 4.83122890e-01 2.81490132e+04 1.34404913e+05
 5.29909361e-01 3.33078192e+04 1.47026318e+05
 5.81226717e-01 3.91323209e+04 1.61037737e+05
 6.37513736e-01 4.56542850e+04 1.76311418e+05
 6.99251688e-01 5.33035171e+04 1.92235408e+05
 7.66968453e-01 6.20740776e+04 2.08763198e+05
 8.41243029e-01 7.21056025e+04 2.25461779e+05
 9.22710485e-01 8.35362870e+04 2.41887976e+05
 1.01206739e+00 9.62674016e+04 2.58336614e+05
 1.11007778e+00 1.10190823e+05 2.74957958e+05
 1.21757967e+00 1.25321318e+05 2.91905414e+05
 1.33549223e+00 1.41394061e+05 3.09652726e+05
 1.46482365e+00 1.58743397e+05 3.28450871e+05
 1.60667975e+00 1.77185623e+05 3.48498046e+05
 1.76227344e+00 1.96406779e+05 3.69293676e+05
 1.93293511e+00 2.16586412e+05 3.89994335e+05
 2.12012395e+00 2.37913516e+05 4.10417137e+05
 2.32544048e+00 2.60796559e+05 4.30399932e+05
 2.55064024e+00 2.86173065e+05 4.49795809e+05
 2.79764873e+00 3.13363501e+05 4.68454368e+05
 3.06857796e+00 3.42664937e+05 4.86449568e+05
 3.36574445e+00 3.74449882e+05 5.04525204e+05
 3.69168907e+00 4.08788758e+05 5.23236726e+05
 4.04919874e+00 4.45752330e+05 5.42490475e+05
 4.44133028e+00 4.84587875e+05 5.62122280e+05
 4.87143652e+00 5.23165353e+05 5.81887428e+05
 5.34319501e+00 5.62235367e+05 6.01512636e+05
 5.86063943e+00 6.01575503e+05 6.20517862e+05
 6.42819407e+00 6.40875896e+05 6.38211749e+05
 7.05071170e+00 6.79720993e+05 6.54507012e+05
 7.73351504e+00 7.17599186e+05 6.69773034e+05
 8.48244225e+00 7.54479647e+05 6.84513839e+05
 9.30389690e+00 7.91232675e+05 6.99360667e+05
 1.02049027e+01 8.27101537e+05 7.14733682e+05
 1.11931634e+01 8.62467143e+05 7.31023026e+05
 1.22771291e+01 8.97995983e+05 7.48660597e+05
 1.34660679e+01 9.34555546e+05 7.67603574e+05
 1.47701456e+01 9.72988231e+05 7.87295290e+05
 1.62005125e+01 1.01416358e+06 8.07027581e+05
 1.77693986e+01 1.05887368e+06 8.25886728e+05
 1.94902185e+01 1.10774179e+06 8.43584017e+05
 2.13776856e+01 1.16059485e+06 8.60049310e+05
 2.34479383e+01 1.21701672e+06 8.75233146e+05
 2.57186779e+01 1.27648038e+06 8.89141116e+05
 2.82093200e+01 1.33895481e+06 9.01975229e+05
 3.09411602e+01 1.40470362e+06 9.13978335e+05
 3.39375566e+01 1.47404656e+06 9.25559357e+05
 3.72241294e+01 1.54681504e+06 9.36691829e+05
 4.08289796e+01 1.62275048e+06 9.47181639e+05
 4.47829299e+01 1.70166483e+06 9.56805631e+05
 4.91197877e+01 1.78331507e+06 9.65306319e+05
 5.38766344e+01 1.86664565e+06 9.72390025e+05
 5.90941426e+01 1.94966301e+06 9.77958918e+05
 6.48169234e+01 2.03034985e+06 9.82102119e+05
 7.10939084e+01 2.10828459e+06 9.84954923e+05
 7.79787677e+01 2.18304975e+06 9.86548150e+05
 8.55303689e+01 2.25411432e+06 9.86913702e+05
 9.38132804e+01 2.32091277e+06 9.86102750e+05
 1.02898324e+02 2.38373153e+06 9.84183142e+05
 1.12863179e+02 2.44440706e+06 9.81030899e+05
 1.23793048e+02 2.50493892e+06 9.76392226e+05
 1.35781384e+02 2.56640189e+06 9.70142373e+05
 1.48930693e+02 2.63008966e+06 9.62580252e+05
 1.63353403e+02 2.69612159e+06 9.54129335e+05
 1.79172834e+02 2.76421132e+06 9.45307086e+05
 1.96524247e+02 2.83332862e+06 9.36732814e+05
 2.15556001e+02 2.90188562e+06 9.29203568e+05
 2.36430824e+02 2.96945641e+06 9.23037428e+05
 2.59327201e+02 3.03560916e+06 9.18367628e+05
 2.84440904e+02 3.09897194e+06 9.15151751e+05
 3.11986662e+02 3.16847088e+06 9.11624442e+05
 3.42200000e+02 3.24470022e+06 9.07755542e+05
