 1.21800000e-02 1.49892961e+02 1.08323192e+04
 1.35134887e-02 2.20703747e+02 1.20190489e+04
 1.49929702e-02 2.99267028e+02 1.33357039e+04
 1.66344280e-02 3.86431561e+02 1.47965087e+04
 1.84555956e-02 4.88291426e+02 1.63981011e+04
 2.04761481e-02 6.14104430e+02 1.81179664e+04
 2.27179142e-02 7.72164157e+02 1.99723108e+04
 2.52051131e-02 9.62970792e+02 2.19793826e+04
 2.79646150e-02 1.18698250e+03 2.42045620e+04
 3.10262323e-02 1.45889102e+03 2.67018042e+04
 3.44230410e-02 1.79486010e+03 2.94741024e+04
 3.81917385e-02 2.19688450e+03 3.25384609e+04
 4.23730400e-02 2.67269489e+03 3.58911575e+04
 4.70121180e-02 3.25666986e+03 3.95331016e+04
 5.21590907e-02 3.99796718e+03 4.35130029e+04
 5.78695635e-02 4.94256231e+03 4.78547034e+04
 6.42052292e-02 6.10904009e+03 5.24972964e+04
 7.12345353e-02 7.52496822e+03 5.74842855e+04
 7.90334226e-02 9.24006591e+03 6.29739306e+04
 8.76861465e-02 1.12919936e+04 6.91846676e+04
 9.72861863e-02 1.36610691e+04 7.62774341e+04
 1.07937256e-01 1.63436939e+04 8.42060376e+04
 1.19754425e-01 1.94261194e+04 9.29364665e+04
 1.32865358e-01 2.30307313e+04 1.02705026e+05
 1.47411701e-01 2.72129255e+04 1.13676463e+05
 1.63550604e-01 3.20126014e+04 1.25709237e+05
 1.81456423e-01 3.76802086e+04 1.38510011e+05
 2.01322605e-01 4.43915066e+04 1.51886667e+05
 2.23363772e-01 5.24141477e+04 1.66003496e+05
 2.47818047e-01 6.19606815e+04 1.80989771e+05
 2.74949620e-01 7.31277944e+04 1.96348394e+05
 3.05051608e-01 8.62138088e+04 2.11649129e+05
 3.38449217e-01 1.01587059e+05 2.26967418e+05
 3.75503257e-01 1.19003729e+05 2.42486167e+05
 4.16614041e-01 1.38371078e+05 2.58291301e+05
 4.62225709e-01 1.59331944e+05 2.74269164e+05
 5.12831026e-01 1.81563754e+05 2.90450286e+05
 5.68976706e-01 2.05033369e+05 3.07315603e+05
 6.31269317e-01 2.29670701e+05 3.25119763e+05
 7.00381838e-01 2.55380941e+05 3.43713855e+05
 7.77060924e-01 2.82323673e+05 3.62933401e+05
 8.62134976e-01 3.10844134e+05 3.82614050e+05
 9.56523092e-01 3.41363547e+05 4.02447339e+05
 1.06124499e+00 3.73720582e+05 4.21960260e+05
 1.17743204e+00 4.07687911e+05 4.40919489e+05
 1.30633945e+00 4.42691962e+05 4.59358784e+05
 1.44935989e+00 4.77731139e+05 4.77398262e+05
 1.60803846e+00 5.12588809e+05 4.95088455e+05
 1.78408946e+00 5.47132598e+05 5.12454145e+05
 1.97941484e+00 5.81409276e+05 5.29706312e+05
 2.19612480e+00 6.16339899e+05 5.47124502e+05
 2.43656056e+00 6.52593168e+05 5.64747331e+05
 2.70331967e+00 6.90563288e+05 5.82461591e+05
 2.99928406e+00 7.31460136e+05 5.99978880e+05
 3.32765117e+00 7.76069815e+05 6.17088713e+05
 3.69196851e+00 8.24217561e+05 6.33545977e+05
 4.09617198e+00 8.75341001e+05 6.49054398e+05
 4.54462839e+00 9.28033594e+05 6.63355831e+05
 5.04218263e+00 9.81296509e+05 6.76214533e+05
 5.59421001e+00 1.03561722e+06 6.87532978e+05
 6.20667437e+00 1.09071079e+06 6.97811712e+05
 6.88619244e+00 1.14557520e+06 7.07583585e+05
 7.64010540e+00 1.20036496e+06 7.17325916e+05
 8.47655813e+00 1.25598160e+06 7.27490539e+05
 9.40458723e+00 1.31386882e+06 7.38477931e+05
 1.04342187e+01 1.37449965e+06 7.50577198e+05
 1.15765760e+01 1.43716567e+06 7.63660359e+05
 1.28440008e+01 1.50201773e+06 7.77096398e+05
 1.42501855e+01 1.56965292e+06 7.90325415e+05
 1.58103219e+01 1.64010601e+06 8.03215189e+05
 1.75412649e+01 1.71327758e+06 8.15636432e+05
 1.94617147e+01 1.78956169e+06 8.27388465e+05
 2.15924188e+01 1.86859766e+06 8.38361806e+05
 2.39563964e+01 1.95015804e+06 8.48775528e+05
 2.65791865e+01 2.03323338e+06 8.58895287e+05
 2.94891245e+01 2.11680948e+06 8.68854506e+05
 3.27176478e+01 2.19964960e+06 8.78436666e+05
 3.62996358e+01 2.27942656e+06 8.87383445e+05
 4.02737864e+01 2.35299295e+06 8.95481685e+05
 4.46830343e+01 2.42100504e+06 9.02686643e+05
 4.95750147e+01 2.48413265e+06 9.08943886e+05
 5.50025781e+01 2.54332067e+06 9.14206411e+05
 6.10243610e+01 2.59968279e+06 9.18350938e+05
 6.77054198e+01 2.65455863e+06 9.21211337e+05
 7.51179331e+01 2.70998168e+06 9.22611032e+05
 8.33419820e+01 2.76775350e+06 9.22513309e+05
 9.24664148e+01 2.82735795e+06 9.20782455e+05
 1.02589807e+02 2.88815966e+06 9.17311930e+05
 1.13821527e+02 2.94908428e+06 9.12021479e+05
 1.26282916e+02 3.00865703e+06 9.05068018e+05
 1.40108601e+02 3.06511323e+06 8.96705145e+05
 1.55447947e+02 3.11699740e+06 8.87197018e+05
 1.72466673e+02 3.16446607e+06 8.76668638e+05
 1.91348640e+02 3.20735445e+06 8.65110491e+05
 2.12297840e+02 3.24551866e+06 8.52461960e+05
 2.35540596e+02 3.27993082e+06 8.38711023e+05
 2.61328012e+02 3.31204317e+06 8.23705348e+05
 2.89938681e+02 3.34341294e+06 8.07112753e+05
 3.21681699e+02 3.37821713e+06 7.88703570e+05
 3.56900000e+02 3.41683175e+06 7.68278917e+05
