 7.17200000e-04 1.39718737e+01 1.02276721e+04
 8.18182753e-04 1.98365409e+02 1.15275230e+04
 9.33384017e-04 4.08721809e+02 1.30103947e+04
 1.06480578e-03 6.48696682e+02 1.47020569e+04
 1.21473191e-03 9.37879514e+02 1.65805510e+04
 1.38576784e-03 1.28657364e+03 1.87188278e+04
 1.58088587e-03 1.70878858e+03 2.11753854e+04
 1.80347679e-03 2.22170757e+03 2.39871292e+04
 2.05740882e-03 2.85570804e+03 2.71643763e+04
 2.34709483e-03 3.60103127e+03 3.07899068e+04
 2.67756903e-03 4.44077375e+03 3.49669949e+04
 3.05457446e-03 5.43609387e+03 3.98331283e+04
 3.48466277e-03 6.75837379e+03 4.53531249e+04
 3.97530811e-03 8.51489397e+03 5.15662942e+04
 4.53503700e-03 1.08274510e+04 5.85645233e+04
 5.17357648e-03 1.37419730e+04 6.64334744e+04
 5.90202322e-03 1.74045498e+04 7.51358674e+04
 6.73303625e-03 2.19819592e+04 8.46418383e+04
 7.68105708e-03 2.76342297e+04 9.48834322e+04
 8.76256055e-03 3.40608147e+04 1.05893839e+05
 9.99634121e-03 4.13153641e+04 1.17572607e+05
 1.14038399e-02 4.94902994e+04 1.29783958e+05
 1.30095163e-02 5.88413155e+04 1.42385302e+05
 1.48412742e-02 6.94341764e+04 1.55388157e+05
 1.69309462e-02 8.13213466e+04 1.68719662e+05
 1.93148469e-02 9.44247907e+04 1.82287031e+05
 2.20344040e-02 1.09445001e+05 1.96049962e+05
 2.51368786e-02 1.26299806e+05 2.09976118e+05
 2.86761859e-02 1.44799220e+05 2.24027090e+05
 3.27138326e-02 1.64534179e+05 2.38181322e+05
 3.73199856e-02 1.85640733e+05 2.52414484e+05
 4.25746912e-02 2.08330990e+05 2.66707572e+05
 4.85692666e-02 2.32564455e+05 2.81031525e+05
 5.54078866e-02 2.57793803e+05 2.95336167e+05
 6.32093938e-02 2.84098216e+05 3.09562440e+05
 7.21093639e-02 3.11481803e+05 3.23639936e+05
 8.22624622e-02 3.40160459e+05 3.37600682e+05
 9.38451307e-02 3.69768883e+05 3.51460315e+05
 1.07058655e-01 3.99773105e+05 3.65213642e+05
 1.22132662e-01 4.30193253e+05 3.78825379e+05
 1.39329110e-01 4.61424914e+05 3.92330739e+05
 1.58946841e-01 4.93846648e+05 4.05781306e+05
 1.81326777e-01 5.27888249e+05 4.19244642e+05
 2.06857838e-01 5.63745476e+05 4.32591568e+05
 2.35983708e-01 6.01667395e+05 4.45631235e+05
 2.69210541e-01 6.41982071e+05 4.58289713e+05
 3.07115757e-01 6.84792862e+05 4.70853290e+05
 3.50358081e-01 7.29567816e+05 4.83504696e+05
 3.99688984e-01 7.75579732e+05 4.96471834e+05
 4.55965746e-01 8.22779340e+05 5.10041618e+05
 5.20166355e-01 8.71098347e+05 5.24206850e+05
 5.93406497e-01 9.20308675e+05 5.38887416e+05
 6.76958954e-01 9.70114270e+05 5.54001242e+05
 7.72275712e-01 1.02028198e+06 5.69135607e+05
 8.81013201e-01 1.07117745e+06 5.84048747e+05
 1.00506108e+00 1.12332834e+06 5.98372540e+05
 1.14657507e+00 1.17623147e+06 6.11670552e+05
 1.30801443e+00 1.23010094e+06 6.24383956e+05
 1.49218467e+00 1.28563210e+06 6.37129913e+05
 1.70228634e+00 1.34367719e+06 6.50050303e+05
 1.94197061e+00 1.40492056e+06 6.62997818e+05
 2.21540276e+00 1.46929320e+06 6.75583191e+05
 2.52733454e+00 1.53655086e+06 6.87896802e+05
 2.88318674e+00 1.60710457e+06 7.00098018e+05
 3.28914342e+00 1.68034853e+06 7.11634752e+05
 3.75225937e+00 1.75520541e+06 7.21889716e+05
 4.28058268e+00 1.83045663e+06 7.30894937e+05
 4.88329465e+00 1.90543869e+06 7.39245035e+05
 5.57086930e+00 1.98022268e+06 7.47449782e+05
 6.35525541e+00 2.05507759e+06 7.55320953e+05
 7.25008417e+00 2.13046676e+06 7.62590569e+05
 8.27090605e+00 2.20705428e+06 7.69256639e+05
 9.43546108e+00 2.28558284e+06 7.75305316e+05
 1.07639871e+01 2.36679965e+06 7.80482040e+05
 1.22795713e+01 2.45119411e+06 7.84238997e+05
 1.40085520e+01 2.53859652e+06 7.86487372e+05
 1.59809755e+01 2.62877150e+06 7.87323243e+05
 1.82311190e+01 2.72024494e+06 7.86806047e+05
 2.07980858e+01 2.81299490e+06 7.84988486e+05
 2.37264850e+01 2.90727661e+06 7.81982422e+05
 2.70672070e+01 3.00346385e+06 7.77964022e+05
 3.08783072e+01 3.10035870e+06 7.73062007e+05
 3.52260156e+01 3.19531325e+06 7.67066993e+05
 4.01858873e+01 3.28463462e+06 7.60283560e+05
 4.58441159e+01 3.36517814e+06 7.53319214e+05
 5.22990309e+01 3.43575272e+06 7.46038170e+05
 5.96628068e+01 3.49546573e+06 7.38255881e+05
 6.80634126e+01 3.54368961e+06 7.29747490e+05
 7.76468354e+01 3.58178214e+06 7.20525303e+05
 8.85796173e+01 3.61447335e+06 7.10772461e+05
 1.01051750e+02 3.64843365e+06 7.00300337e+05
 1.15279976e+02 3.68953136e+06 6.88814851e+05
 1.31511557e+02 3.73692955e+06 6.76640105e+05
 1.50028566e+02 3.78905841e+06 6.64028648e+05
 1.71152796e+02 3.84454543e+06 6.51052505e+05
 1.95251346e+02 3.90339465e+06 6.37136880e+05
 2.22743006e+02 3.96446175e+06 6.21249449e+05
 2.54105530e+02 4.02435080e+06 6.03893945e+05
 2.89883940e+02 4.09267230e+06 5.84094761e+05
 3.30700000e+02 4.17061357e+06 5.61507824e+05
