 3.71000000e-05 1.21008630e+03 1.42403130e+04
 4.36085081e-05 1.97165940e+03 1.66166283e+04
 5.12588135e-05 2.86683640e+03 1.94098241e+04
 6.02512233e-05 3.91905563e+03 2.26930345e+04
 7.08211850e-05 5.20962708e+03 2.64685898e+04
 8.32454507e-05 6.77312327e+03 3.07550056e+04
 9.78493238e-05 8.66513660e+03 3.55750576e+04
 1.15015176e-04 1.09539833e+04 4.09596297e+04
 1.35192459e-04 1.37220324e+04 4.69418323e+04
 1.58909473e-04 1.70503903e+04 5.36778708e+04
 1.86787198e-04 2.10193651e+04 6.11249652e+04
 2.19555554e-04 2.57778376e+04 6.92892373e+04
 2.58072511e-04 3.15112030e+04 7.82012043e+04
 3.03346555e-04 3.84054556e+04 8.77380016e+04
 3.56563092e-04 4.66454511e+04 9.78099211e+04
 4.19115485e-04 5.63881011e+04 1.08258194e+05
 4.92641538e-04 6.77004737e+04 1.18392465e+05
 5.79066375e-04 8.05772607e+04 1.28465025e+05
 6.80652849e-04 9.48961753e+04 1.38395234e+05
 8.00060790e-04 1.10465825e+05 1.47884526e+05
 9.40416643e-04 1.27339739e+05 1.57205852e+05
 1.10539533e-03 1.45328786e+05 1.66282464e+05
 1.29931648e-03 1.64210761e+05 1.74987454e+05
 1.52725750e-03 1.83825349e+05 1.84125157e+05
 1.79518655e-03 2.04185181e+05 1.92999975e+05
 2.11011879e-03 2.25538925e+05 2.01562093e+05
 2.48030007e-03 2.48039760e+05 2.10278938e+05
 2.91542280e-03 2.71026470e+05 2.18821152e+05
 3.42687975e-03 2.94564553e+05 2.27254030e+05
 4.02806236e-03 3.19362011e+05 2.35790722e+05
 4.73471132e-03 3.45180720e+05 2.44069249e+05
 5.56532876e-03 3.71972293e+05 2.52760153e+05
 6.54166266e-03 3.99599745e+05 2.61813007e+05
 7.68927626e-03 4.27818362e+05 2.70672224e+05
 9.03821742e-03 4.57098030e+05 2.79442800e+05
 1.06238053e-02 4.87596117e+05 2.88254516e+05
 1.24875553e-02 5.18290495e+05 2.97459212e+05
 1.46782657e-02 5.50193636e+05 3.07372603e+05
 1.72532956e-02 5.82854132e+05 3.17445440e+05
 2.02800669e-02 6.15770879e+05 3.27882114e+05
 2.38378292e-02 6.49348318e+05 3.38919469e+05
 2.80197350e-02 6.83890918e+05 3.50346057e+05
 3.29352787e-02 7.18920569e+05 3.61977861e+05
 3.87131636e-02 7.54944464e+05 3.73360565e+05
 4.55046714e-02 7.91246037e+05 3.83946985e+05
 5.34876235e-02 8.28330006e+05 3.93933001e+05
 6.28710368e-02 8.67392332e+05 4.03195677e+05
 7.39005962e-02 9.08208000e+05 4.11965034e+05
 8.68650876e-02 9.50563501e+05 4.20361806e+05
 1.02103959e-01 9.95298256e+05 4.28245233e+05
 1.20016208e-01 1.04243420e+06 4.35466984e+05
 1.41070830e-01 1.09181874e+06 4.42468807e+05
 1.65819095e-01 1.14418484e+06 4.49764372e+05
 1.94908986e-01 1.19699753e+06 4.57461934e+05
 2.29102158e-01 1.25004855e+06 4.65755327e+05
 2.69293891e-01 1.30329429e+06 4.75009062e+05
 3.16536518e-01 1.35617214e+06 4.85517259e+05
 3.72066990e-01 1.40894214e+06 4.97677129e+05
 4.37339254e-01 1.46206493e+06 5.11140947e+05
 5.14062330e-01 1.51524940e+06 5.25442665e+05
 6.04245048e-01 1.57205250e+06 5.40444761e+05
 7.10248655e-01 1.63333100e+06 5.55512327e+05
 8.34848632e-01 1.69836502e+06 5.70560739e+05
 9.81307368e-01 1.76619314e+06 5.86238334e+05
 1.15345958e+00 1.83666239e+06 6.02425625e+05
 1.35581270e+00 1.90961135e+06 6.18991544e+05
 1.59366494e+00 1.98428759e+06 6.35943041e+05
 1.87324395e+00 2.05914278e+06 6.53355455e+05
 2.20186992e+00 2.13416259e+06 6.71142284e+05
 2.58814723e+00 2.21096062e+06 6.88015780e+05
 3.04218975e+00 2.29009222e+06 7.01874718e+05
 3.57588562e+00 2.37097984e+06 7.12277440e+05
 4.20320854e+00 2.45281925e+06 7.19069108e+05
 4.94058366e+00 2.53561347e+06 7.22035669e+05
 5.80731760e+00 2.61846843e+06 7.20896228e+05
 6.82610395e+00 2.69972156e+06 7.15590597e+05
 8.02361751e+00 2.77871314e+06 7.06698500e+05
 9.43121265e+00 2.85565310e+06 6.95659008e+05
 1.10857443e+01 2.93061568e+06 6.82884924e+05
 1.30305329e+01 3.00370931e+06 6.68501416e+05
 1.53164986e+01 3.07461746e+06 6.52876859e+05
 1.80034948e+01 3.14415563e+06 6.36452615e+05
 2.11618746e+01 3.21242027e+06 6.19813059e+05
 2.48743337e+01 3.27835050e+06 6.03650501e+05
 2.92380750e+01 3.34068099e+06 5.88236099e+05
 3.43673540e+01 3.39833149e+06 5.73762616e+05
 4.03964699e+01 3.45100619e+06 5.60648929e+05
 4.74832827e+01 3.49960196e+06 5.48766975e+05
 5.58133455e+01 3.54448395e+06 5.37626264e+05
 6.56047637e+01 3.58599412e+06 5.26748725e+05
 7.71139048e+01 3.62641407e+06 5.15734485e+05
 9.06421117e+01 3.66868566e+06 5.04193905e+05
 1.06543592e+02 3.71459107e+06 4.91934278e+05
 1.25234693e+02 3.76324786e+06 4.78942452e+05
 1.47204801e+02 3.81168023e+06 4.65866991e+05
 1.73029158e+02 3.85889003e+06 4.53254660e+05
 2.03383920e+02 3.90441138e+06 4.41295901e+05
 2.39063864e+02 3.94387769e+06 4.30371378e+05
 2.81003192e+02 3.99026764e+06 4.17530350e+05
 3.30300000e+02 4.04479585e+06 4.02436600e+05
