0.1005	2106
0.1465	4265
0.161	3726
0.2291	6693
0.2539	6039
0.3556	11890
0.3997	12550
0.5853	21540
0.631	23240
0.9382	37600
1.006	49430
1.452	74920
1.601	98120
2.265	1.56E+05
2.475	2.02E+05
3.593	3.40E+05
3.983	4.30E+05
5.701	7.44E+05
6.344	9.61E+05
8.914	1.68E+06
9.97	2.14E+06
14.31	3.30E+06
15.73	4.07E+06
22.9	6.12E+06
25.02	6.79E+06
35.84	9.47E+06
40.07	1.02E+07
54.98	1.30E+07
63.8	1.36E+07
85.75	1.61E+07
100.9	1.67E+07
139.5	1.85E+07
140.8	1.87E+07
253.2	2.17E+07
368.2	2.39E+07
932.5	2.61E+07

