0.02526	4977
0.0356	6477
0.03966	8029
0.05576	13770
0.0627	14200
0.08851	20640
0.0999	26190
0.1434	33640
0.1602	45510
0.2282	65850
0.2492	87410
0.3518	1.28E+05
0.3966	1.69E+05
0.5546	2.50E+05
0.6301	3.51E+05
0.8767	5.29E+05
0.9896	7.99E+05
1.396	1.21E+06
1.588	1.60E+06
2.209	2.40E+06
2.486	2.90E+06
3.568	4.47E+06
3.931	5.03E+06
5.552	7.18E+06
6.36	7.31E+06
8.925	9.42E+06
10.01	8.87E+06
14.28	1.24E+07
16.16	1.18E+07
23.57	1.42E+07
25.39	1.32E+07
36.23	1.51E+07
40.09	1.43E+07
55.69	1.60E+07
63.85	1.58E+07
86.14	1.61E+07
99.64	1.59E+07
138	1.69E+07
223.8	1.86E+07
256.9	1.75E+07
360.4	1.91E+07
901.3	2.00E+07

