0.02239		1381
0.03643		2071
0.05783		3458
0.08909		5247
0.1015		5752
0.1433		8596
0.1553		9398
0.2224		14230
0.2518		14770
0.3508		22280
0.3904		24000
0.5714		35010
0.633		37540
0.8845		53840
0.989		57990
1.448		86150
1.59		93270
2.26E+00		1.33E+05
2.53E+00		1.41E+05
3.63E+00		2.06E+05
4.01E+00		2.21E+05
5.71E+00		3.25E+05
6.30E+00		3.51E+05
9.01E+00		5.22E+05
9.84E+00		5.43E+05
1.41E+01		8.29E+05
1.61E+01		8.72E+05
22.2		1.26E+06
25.26		1.31E+06
34.69		1.93E+06
39.67		2.05E+06
56.76		3.04E+06
64.38		2.87E+06
87.26		4.30E+06
100		4.30E+06
140.4		6.11E+06
253.4		7.67E+06
217.5		7.06E+06
349.5		8.27E+06
882.6		8.49E+06

