0.006143		1952
0.008949		2860
0.009759		2864
0.01479		4638
0.01599		4689
0.02321		7130
0.02571		7612
0.03747		11210
0.0396		11500
0.05757		18220
0.06202		19110
0.09126		28790
0.09554		29000
0.1433		44870
0.1522		46240
0.233		67010
0.243		69420
0.3611		1.06E+05
0.3766		1.10E+05
0.5748		1.66E+05
0.6191		1.73E+05
0.9141		2.51E+05
0.9661		2.57E+05
1.423		3.99E+05
1.477		4.10E+05
2.328		6.24E+05
2.483		6.40E+05
3.674		9.95E+05
3.972		1.01E+06
5.684		1.50E+06
6.279		1.46E+06
9.18		2.07E+06
9.915		2.03E+06
14.62		2.84E+06
16.11		2.55E+06
23.26		3.18E+06
26.04		3.07E+06
36.95		3.46E+06
41.94		3.35E+06
56.1		3.77E+06
62.48		3.56E+06
84.54		3.21E+06
102.9		3.30E+06
140.6		3.01E+06
141.6		2.78E+06
221.9		2.64E+06
242.6		2.46E+06
354.5		2.18E+06
401.6		1.97E+06
947.8		1.53E+06

