0.002405		1511
0.003455		2205
0.00388		2364
0.005529		3531
0.006241		3837
0.009002		5472
0.0098		6009
0.01434		8764
0.01554		9669
0.02223		13980
0.02507		14850
0.03585		21480
0.03938		23470
0.05601		33180
0.06323		36220
0.09337		52810
0.09889		57780
0.1394		82080
0.1567		89620
0.224		1.28E+05
0.2479		1.34E+05
0.358		1.98E+05
0.3931		2.15E+05
0.567		3.05E+05
0.6284		3.31E+05
0.9324		4.85E+05
1.002		5.45E+05
1.477		7.49E+05
1.58		8.38E+05
2.216		1.18E+06
2.424		1.31E+06
3.529		1.87E+06
3.93		2.05E+06
5.543		2.95E+06
6.201		3.22E+06
8.657		4.49E+06
9.811		4.79E+06
13.78		6.06E+06
14.31		6.34E+06
15.72		6.83E+06
22.58		8.57E+06
25.51		8.26E+06
34.41		9.08E+06
39.29		9.16E+06
56.56		9.04E+06
60.33		9.23E+06
87.94		8.78E+06
96.82		8.91E+06
141.3		8.79E+06
212.9		7.40E+06
350		6.42E+06
874.7		4.67E+06

