0.003364		10220
0.005484		16280
0.008669		26930
0.01369		42540
0.02207		64450
0.0247		70700
0.0348		98150
0.03826		1.10E+05
0.05349		1.59E+05
0.06177		1.72E+05
0.08665		2.38E+05
0.09836		2.69E+05
0.138		3.73E+05
0.1559		4.19E+05
0.2139		5.90E+05
0.2505		6.49E+05
0.35		9.14E+05
0.3916		1.01E+06
0.5467		1.39E+06
0.6345		1.53E+06
0.8702		2.13E+06
0.9788		2.39E+06
1.38		3.33E+06
1.584		3.51E+06
2.168		4.57E+06
2.522		4.65E+06
3.436		6.09E+06
3.896		5.68E+06
5.433		6.53E+06
6.19		6.15E+06
8.586		6.85E+06
10.11		6.72E+06
13.87		6.03E+06
14.41		6.31E+06
22.07		5.07E+06
24.82		4.85E+06
35.45		4.31E+06
39.89		4.23E+06
54.45		3.74E+06
62.39		3.66E+06
86.7		3.22E+06
98.75		3.01E+06
137.3		2.67E+06
216.9		2.07E+06
248.2		1.93E+06
545.1		1.34E+06

