 2.81838300e+00 3.63247491e+01 4.69432624e+03
 2.98374516e+00 4.16119831e+01 4.96981325e+03
 3.15880957e+00 4.72094334e+01 5.26146382e+03
 3.34414547e+00 5.31353013e+01 5.57022632e+03
 3.54035554e+00 5.95456808e+01 5.89472361e+03
 3.74807778e+00 6.65851915e+01 6.23465674e+03
 3.96798765e+00 7.44173507e+01 6.59020556e+03
 4.20080023e+00 8.31863212e+01 6.96208817e+03
 4.44727255e+00 9.29999417e+01 7.35188874e+03
 4.70820607e+00 1.03980240e+02 7.76126675e+03
 4.98444926e+00 1.16258943e+02 8.19211323e+03
 5.27690039e+00 1.30065892e+02 8.64649479e+03
 5.58651043e+00 1.45571893e+02 9.12769238e+03
 5.91428611e+00 1.62869154e+02 9.64020073e+03
 6.26129329e+00 1.82098112e+02 1.01882815e+04
 6.62866032e+00 2.03408001e+02 1.07766269e+04
 7.01758176e+00 2.27170040e+02 1.14103665e+04
 7.42932228e+00 2.53793084e+02 1.20949788e+04
 7.86522073e+00 2.83511991e+02 1.28363940e+04
 8.32669452e+00 3.16597539e+02 1.36385267e+04
 8.81524423e+00 3.53400296e+02 1.45027397e+04
 9.33245847e+00 3.94449056e+02 1.54299852e+04
 9.88001907e+00 4.40616073e+02 1.64179740e+04
 1.04597065e+01 4.92345770e+02 1.74638818e+04
 1.10734058e+01 5.50115260e+02 1.85643344e+04
 1.17231125e+01 6.14565552e+02 1.97153909e+04
 1.24109393e+01 6.86651027e+02 2.09140343e+04
 1.31391227e+01 7.67658592e+02 2.21584673e+04
 1.39100306e+01 8.58627301e+02 2.34473606e+04
 1.47261697e+01 9.59962302e+02 2.47867029e+04
 1.55901939e+01 1.07244158e+03 2.61831095e+04
 1.65049128e+01 1.19778795e+03 2.76438466e+04
 1.74733007e+01 1.33789021e+03 2.91768573e+04
 1.84985066e+01 1.49422877e+03 3.07907907e+04
 1.95838641e+01 1.66779972e+03 3.24990363e+04
 2.07329024e+01 1.86032445e+03 3.43173749e+04
 2.19493579e+01 2.07582161e+03 3.62585154e+04
 2.32371861e+01 2.31859207e+03 3.83362867e+04
 2.46005747e+01 2.59117109e+03 4.05656884e+04
 2.60439570e+01 2.89627740e+03 4.29629459e+04
 2.75720265e+01 3.23717616e+03 4.55455693e+04
 2.91897519e+01 3.62227521e+03 4.83137778e+04
 3.09023937e+01 4.05996143e+03 5.12528544e+04
 3.27155208e+01 4.55525538e+03 5.43454337e+04
 3.46350289e+01 5.11363052e+03 5.75714168e+04
 3.66671598e+01 5.74228494e+03 6.09078789e+04
 3.88185214e+01 6.44897146e+03 6.43289693e+04
 4.10961091e+01 7.24202605e+03 6.78058030e+04
 4.35073291e+01 8.12693610e+03 7.13338807e+04
 4.60600218e+01 9.11322082e+03 7.49356928e+04
 4.87624880e+01 1.02137928e+04 7.86456593e+04
 5.16235151e+01 1.14427135e+04 8.25029139e+04
 5.46524065e+01 1.28152484e+04 8.65509360e+04
 5.78590112e+01 1.43479248e+04 9.08377188e+04
 6.12537560e+01 1.60620134e+04 9.54159494e+04
 6.48476796e+01 1.79807438e+04 1.00330079e+05
 6.86524685e+01 2.01212518e+04 1.05613265e+05
 7.26804947e+01 2.25018569e+04 1.11247244e+05
 7.69448561e+01 2.51421314e+04 1.17193366e+05
 8.14594191e+01 2.80629722e+04 1.23406703e+05
 8.62388637e+01 3.12866770e+04 1.29835840e+05
 9.12987313e+01 3.48287320e+04 1.36422642e+05
 9.66554750e+01 3.86878283e+04 1.43102010e+05
 1.02326513e+02 4.28662466e+04 1.49801611e+05
 1.08330287e+02 4.73645463e+04 1.56532230e+05
 1.14686318e+02 5.21815484e+04 1.63343944e+05
 1.21415275e+02 5.73148586e+04 1.70293416e+05
 1.28539038e+02 6.27608472e+04 1.77370192e+05
 1.36080771e+02 6.85196532e+04 1.84550446e+05
 1.44064998e+02 7.46079127e+04 1.91806261e+05
 1.52517681e+02 8.10467088e+04 1.99105471e+05
 1.61466307e+02 8.78607162e+04 2.06364642e+05
 1.70939972e+02 9.50778569e+04 2.13469243e+05
 1.80969483e+02 1.02728063e+05 2.20293004e+05
 1.91587452e+02 1.10811275e+05 2.26876712e+05
 2.02828407e+02 1.19283716e+05 2.33295056e+05
 2.14728898e+02 1.28094166e+05 2.39531135e+05
 2.27327624e+02 1.37175098e+05 2.45556448e+05
 2.40665551e+02 1.46447837e+05 2.51339048e+05
 2.54786051e+02 1.55823277e+05 2.56843365e+05
 2.69735038e+02 1.65202330e+05 2.62030018e+05
 2.85561123e+02 1.74538593e+05 2.66746913e+05
 3.02315767e+02 1.83882787e+05 2.70811196e+05
 3.20053451e+02 1.93293133e+05 2.74271555e+05
 3.38831853e+02 2.02840810e+05 2.77180318e+05
 3.58712035e+02 2.12606196e+05 2.79592224e+05
 3.79758642e+02 2.22678540e+05 2.81570899e+05
 4.02040109e+02 2.33084705e+05 2.83189108e+05
 4.25628891e+02 2.43834274e+05 2.84529027e+05
 4.50601690e+02 2.54875082e+05 2.85682548e+05
 4.77039711e+02 2.66147897e+05 2.86600855e+05
 5.05028922e+02 2.77586139e+05 2.87289552e+05
 5.34660336e+02 2.89115602e+05 2.87773940e+05
 5.66030305e+02 3.00654135e+05 2.88083689e+05
 5.99240835e+02 3.12284911e+05 2.88252965e+05
 6.34399917e+02 3.24095574e+05 2.88320572e+05
 6.71621877e+02 3.36184476e+05 2.88330100e+05
 7.11027751e+02 3.48617603e+05 2.88330100e+05
 7.52745674e+02 3.61780214e+05 2.88330100e+05
 7.96911300e+02 3.75715112e+05 2.88330100e+05
