 2.95120900e-01 4.36949845e+01 1.16862193e+03
 3.14421100e-01 5.17395115e+01 1.24892264e+03
 3.34983487e-01 6.03101314e+01 1.33447482e+03
 3.56890605e-01 6.94412493e+01 1.42562191e+03
 3.80230397e-01 7.96385760e+01 1.52394842e+03
 4.05096554e-01 9.12473052e+01 1.63058621e+03
 4.31588899e-01 1.04609275e+02 1.74583915e+03
 4.59813780e-01 1.20042099e+02 1.86990655e+03
 4.89884500e-01 1.37759910e+02 2.00259672e+03
 5.21921773e-01 1.58004307e+02 2.14360197e+03
 5.56054208e-01 1.80823957e+02 2.29254054e+03
 5.92418822e-01 2.06424568e+02 2.44895435e+03
 6.31161594e-01 2.35196342e+02 2.61230629e+03
 6.72438051e-01 2.67573450e+02 2.78323909e+03
 7.16413890e-01 3.04001897e+02 2.96258808e+03
 7.63265643e-01 3.44808833e+02 3.15127242e+03
 8.13181389e-01 3.90338598e+02 3.35029899e+03
 8.66361504e-01 4.41084030e+02 3.56076678e+03
 9.23019473e-01 4.96928165e+02 3.78387147e+03
 9.83382736e-01 5.57722734e+02 4.02091053e+03
 1.04769361e+00 6.23281377e+02 4.27227043e+03
 1.11621027e+00 6.93677585e+02 4.53717644e+03
 1.18920775e+00 7.69537093e+02 4.81466969e+03
 1.26697908e+00 8.51516992e+02 5.10360058e+03
 1.34983648e+00 9.40242394e+02 5.40262150e+03
 1.43811256e+00 1.03683192e+03 5.71017908e+03
 1.53216168e+00 1.14170175e+03 6.02450558e+03
 1.63236138e+00 1.25527160e+03 6.34493409e+03
 1.73911391e+00 1.37776352e+03 6.67302250e+03
 1.85284779e+00 1.50895692e+03 7.01054240e+03
 1.97401960e+00 1.64857557e+03 7.35948704e+03
 2.10311576e+00 1.79652304e+03 7.72208017e+03
 2.24065449e+00 1.95267224e+03 8.10078567e+03
 2.38718793e+00 2.11751782e+03 8.49831815e+03
 2.54330431e+00 2.29143251e+03 8.91683284e+03
 2.70963032e+00 2.47474596e+03 9.35827320e+03
 2.88683366e+00 2.66797645e+03 9.82448286e+03
 3.07562567e+00 2.87182713e+03 1.03174482e+04
 3.27676422e+00 3.08690081e+03 1.08393120e+04
 3.49105676e+00 3.31383910e+03 1.13923822e+04
 3.71936351e+00 3.55212663e+03 1.19791412e+04
 3.96260098e+00 3.80054513e+03 1.26022207e+04
 4.22174559e+00 4.05778371e+03 1.32621880e+04
 4.49783765e+00 4.32219755e+03 1.39599274e+04
 4.79198546e+00 4.59176758e+03 1.46962907e+04
 5.10536984e+00 4.86420862e+03 1.54720841e+04
 5.43924880e+00 5.13695749e+03 1.62880692e+04
 5.79496265e+00 5.41012718e+03 1.71449639e+04
 6.17393933e+00 5.68602687e+03 1.80434435e+04
 6.57770018e+00 5.96713802e+03 1.89853887e+04
 7.00786603e+00 6.25617666e+03 1.99710878e+04
 7.46616369e+00 6.55619628e+03 2.10006569e+04
 7.95443292e+00 6.87060167e+03 2.20740449e+04
 8.47463379e+00 7.20316417e+03 2.31910282e+04
 9.02885454e+00 7.55620147e+03 2.43512058e+04
 9.61932001e+00 7.93077386e+03 2.55539933e+04
 1.02484005e+01 8.32758757e+03 2.68019343e+04
 1.09186214e+01 8.74710888e+03 2.81012854e+04
 1.16326731e+01 9.18976191e+03 2.94495867e+04
 1.23934220e+01 9.65592872e+03 3.08437324e+04
 1.32039222e+01 1.01459493e+04 3.22799449e+04
 1.40674271e+01 1.06601214e+04 3.37537475e+04
 1.49874031e+01 1.11992436e+04 3.52599350e+04
 1.59675434e+01 1.17664638e+04 3.67891659e+04
 1.70117825e+01 1.23663521e+04 3.83302606e+04
 1.81243123e+01 1.30039887e+04 3.99043643e+04
 1.93095990e+01 1.36849880e+04 4.15384896e+04
 2.05724005e+01 1.44155241e+04 4.32633472e+04
 2.19177863e+01 1.52023586e+04 4.51135001e+04
 2.33511570e+01 1.60515262e+04 4.71275308e+04
 2.48782668e+01 1.69659973e+04 4.93482240e+04
 2.65052458e+01 1.79473996e+04 5.18213406e+04
 2.82386255e+01 1.89972597e+04 5.45543356e+04
 3.00853640e+01 2.01170059e+04 5.75443879e+04
 3.20528747e+01 2.13079717e+04 6.07868517e+04
 3.41490560e+01 2.25713978e+04 6.42752146e+04
 3.63823225e+01 2.39092670e+04 6.80010503e+04
 3.87616393e+01 2.53259128e+04 7.19539642e+04
 4.12965577e+01 2.68277453e+04 7.61215329e+04
 4.39972537e+01 2.84220019e+04 8.05123356e+04
 4.68745687e+01 3.01165237e+04 8.51471504e+04
 4.99400533e+01 3.19197899e+04 9.00156132e+04
 5.32060132e+01 3.38409525e+04 9.50877512e+04
 5.66855591e+01 3.58898755e+04 1.00328174e+05
 6.03926589e+01 3.80765445e+04 1.05695858e+05
 6.43421942e+01 4.04102089e+04 1.11143910e+05
 6.85500197e+01 4.28968784e+04 1.16614721e+05
 7.30330269e+01 4.55416760e+04 1.22039076e+05
 7.78092120e+01 4.83496942e+04 1.27401651e+05
 8.28977481e+01 5.13260078e+04 1.32693233e+05
 8.83190624e+01 5.45204802e+04 1.37904067e+05
 9.40949176e+01 5.80035485e+04 1.43023785e+05
 1.00248500e+02 6.18548876e+04 1.48041319e+05
 1.06804512e+02 6.61721628e+04 1.52944831e+05
 1.13789271e+02 7.10685346e+04 1.57708558e+05
 1.21230817e+02 7.65975848e+04 1.62358995e+05
 1.29159022e+02 8.28160680e+04 1.66945258e+05
 1.37605713e+02 8.97370849e+04 1.71517891e+05
 1.46604797e+02 9.71107197e+04 1.76389563e+05
 1.56192400e+02 1.04966573e+05 1.81579830e+05
