 9.33254300e-02 5.33084644e+01 1.83808865e+03
 1.01996638e-01 6.79090347e+01 1.98186452e+03
 1.11473520e-01 8.38661975e+01 2.13899913e+03
 1.21830934e-01 1.01305999e+02 2.31073369e+03
 1.33150694e-01 1.21498038e+02 2.50378959e+03
 1.45522214e-01 1.45147153e+02 2.72350743e+03
 1.59043217e-01 1.72999470e+02 2.97437791e+03
 1.73820506e-01 2.05896743e+02 3.26141430e+03
 1.89970807e-01 2.45248807e+02 3.58739069e+03
 2.07621692e-01 2.92633616e+02 3.95405566e+03
 2.26912586e-01 3.49354281e+02 4.36102684e+03
 2.47995867e-01 4.16815493e+02 4.80629020e+03
 2.71038074e-01 4.96762666e+02 5.28705862e+03
 2.96221216e-01 5.91246088e+02 5.80074104e+03
 3.23744217e-01 7.02557843e+02 6.34407622e+03
 3.53824481e-01 8.32141862e+02 6.91492327e+03
 3.86699612e-01 9.81146751e+02 7.51131325e+03
 4.22629293e-01 1.15110769e+03 8.13552437e+03
 4.61897332e-01 1.34382823e+03 8.79322927e+03
 5.04813909e-01 1.56396468e+03 9.49104621e+03
 5.51718023e-01 1.81848272e+03 1.02359198e+04
 6.02980170e-01 2.11543637e+03 1.10338807e+04
 6.59005271e-01 2.46296154e+03 1.18885960e+04
 7.20235870e-01 2.87061070e+03 1.28046741e+04
 7.87155629e-01 3.35262540e+03 1.37838695e+04
 8.60293148e-01 3.92517613e+03 1.48256966e+04
 9.40226143e-01 4.59417955e+03 1.59291672e+04
 1.02758601e+00 5.35816587e+03 1.70897307e+04
 1.12306279e+00 6.21435074e+03 1.83013952e+04
 1.22741068e+00 7.16350587e+03 1.95646790e+04
 1.34145391e+00 8.20586801e+03 2.08793146e+04
 1.46609332e+00 9.33160990e+03 2.22446713e+04
 1.60231343e+00 1.05276464e+04 2.36598140e+04
 1.75119026e+00 1.17917915e+04 2.51060007e+04
 1.91389977e+00 1.31319824e+04 2.65664277e+04
 2.09172723e+00 1.45571160e+04 2.80317118e+04
 2.28607728e+00 1.60724126e+04 2.94855069e+04
 2.49848512e+00 1.76630682e+04 3.09090043e+04
 2.73062854e+00 1.93166662e+04 3.22807393e+04
 2.98434127e+00 2.10199640e+04 3.35781339e+04
 3.26162737e+00 2.27608483e+04 3.48241394e+04
 3.56467714e+00 2.45197404e+04 3.60475723e+04
 3.89588438e+00 2.62736196e+04 3.72740197e+04
 4.25786530e+00 2.79979576e+04 3.85343884e+04
 4.65347920e+00 2.97146828e+04 3.98591544e+04
 5.08585104e+00 3.14510627e+04 4.12739922e+04
 5.55839613e+00 3.32383062e+04 4.28026911e+04
 6.07484712e+00 3.50935491e+04 4.44363288e+04
 6.63928346e+00 3.70301704e+04 4.61595071e+04
 7.25616367e+00 3.90637499e+04 4.79533701e+04
 7.93036047e+00 4.12110196e+04 4.97954041e+04
 8.66719938e+00 4.34590046e+04 5.16731464e+04
 9.47250069e+00 4.57772255e+04 5.35916593e+04
 1.03526255e+01 4.81286872e+04 5.55606099e+04
 1.13145259e+01 5.04986991e+04 5.75937832e+04
 1.23658001e+01 5.28870758e+04 5.97073003e+04
 1.35147520e+01 5.52938329e+04 6.19197448e+04
 1.47704572e+01 5.77192376e+04 6.42523090e+04
 1.61428346e+01 6.01465559e+04 6.67156918e+04
 1.76427246e+01 6.25951937e+04 6.93092184e+04
 1.92819749e+01 6.50889214e+04 7.20309474e+04
 2.10735340e+01 6.76359851e+04 7.48775953e+04
 2.30315534e+01 7.02350103e+04 7.78444560e+04
 2.51714996e+01 7.28992842e+04 8.09253139e+04
 2.75102761e+01 7.56574198e+04 8.41058556e+04
 3.00663568e+01 7.85915487e+04 8.73779930e+04
 3.28599324e+01 8.17722427e+04 9.07514802e+04
 3.59130694e+01 8.52748180e+04 9.42380867e+04
 3.92498845e+01 8.91765206e+04 9.78516757e+04
 4.28967353e+01 9.35645445e+04 1.01602830e+05
 4.68824285e+01 9.84969811e+04 1.05482399e+05
 5.12384471e+01 1.04005470e+05 1.09495283e+05
 5.59991993e+01 1.10088785e+05 1.13655985e+05
 6.12022905e+01 1.16711463e+05 1.17960243e+05
 6.68888200e+01 1.23833624e+05 1.22416817e+05
 7.31037058e+01 1.31428965e+05 1.27062462e+05
 7.98960395e+01 1.39463688e+05 1.31956471e+05
 8.73194738e+01 1.47978399e+05 1.37202821e+05
 9.54326467e+01 1.57052152e+05 1.42866528e+05
 1.04299644e+02 1.66744879e+05 1.49002019e+05
 1.13990507e+02 1.77169345e+05 1.55668353e+05
 1.24581784e+02 1.88470400e+05 1.62846259e+05
 1.36157135e+02 2.00795484e+05 1.70394118e+05
 1.48807994e+02 2.14310389e+05 1.78126713e+05
 1.62634291e+02 2.29019315e+05 1.85827700e+05
 1.77745240e+02 2.44817411e+05 1.93329235e+05
 1.94260203e+02 2.61653987e+05 2.00437902e+05
 2.12309631e+02 2.79493570e+05 2.06932818e+05
 2.32036098e+02 2.98239996e+05 2.12702125e+05
 2.53595424e+02 3.17641120e+05 2.17730516e+05
 2.77157906e+02 3.37392196e+05 2.22008798e+05
 3.02909665e+02 3.57318732e+05 2.25537626e+05
 3.31054114e+02 3.77417666e+05 2.28334056e+05
 3.61813567e+02 3.97631074e+05 2.30427796e+05
 3.95430993e+02 4.17780039e+05 2.31838652e+05
 4.32171939e+02 4.37973856e+05 2.32631631e+05
 4.72326620e+02 4.58533336e+05 2.32887849e+05
 5.16212220e+02 4.79786903e+05 2.32688868e+05
 5.64175393e+02 5.03015218e+05 2.32471399e+05
 6.16595000e+02 5.28401761e+05 2.32233723e+05
