 4.07380300e-02 4.66948621e+01 2.30389800e+03
 4.49122764e-02 6.27932555e+01 2.58972575e+03
 4.95142395e-02 8.05411803e+01 2.90484101e+03
 5.45877454e-02 1.00107657e+02 3.25224475e+03
 6.01811111e-02 1.22467788e+02 3.63066402e+03
 6.63476044e-02 1.48124879e+02 4.03929173e+03
 7.31459510e-02 1.77652890e+02 4.47794710e+03
 8.06408943e-02 2.11934673e+02 4.94618024e+03
 8.89038114e-02 2.51345912e+02 5.44398088e+03
 9.80133932e-02 2.97460733e+02 5.97361402e+03
 1.08056394e-01 3.51618043e+02 6.54088026e+03
 1.19128456e-01 4.15644052e+02 7.15792815e+03
 1.31335024e-01 4.92098266e+02 7.83917378e+03
 1.44792345e-01 5.83802698e+02 8.59752691e+03
 1.59628579e-01 6.93387081e+02 9.44415971e+03
 1.75985016e-01 8.24555540e+02 1.03912616e+04
 1.94017425e-01 9.80164803e+02 1.14438150e+04
 2.13897535e-01 1.16732427e+03 1.26021239e+04
 2.35814673e-01 1.39427184e+03 1.38642697e+04
 2.59977564e-01 1.66995608e+03 1.52271539e+04
 2.86616319e-01 2.00545630e+03 1.66949267e+04
 3.15984630e-01 2.41437087e+03 1.82815887e+04
 3.48362183e-01 2.91232258e+03 2.00033560e+04
 3.84057321e-01 3.51471921e+03 2.18709471e+04
 4.23409982e-01 4.22986408e+03 2.38975739e+04
 4.66794937e-01 5.06646815e+03 2.60898098e+04
 5.14625357e-01 6.04027892e+03 2.84534402e+04
 5.67356750e-01 7.16726491e+03 3.09840462e+04
 6.25491296e-01 8.46336046e+03 3.36581527e+04
 6.89582633e-01 9.94602207e+03 3.64465012e+04
 7.60241126e-01 1.16361490e+04 3.93514135e+04
 8.38139684e-01 1.35631818e+04 4.23759214e+04
 9.24020164e-01 1.57587228e+04 4.55208540e+04
 1.01870044e+00 1.82395576e+04 4.87658478e+04
 1.12308218e+00 2.10238890e+04 5.20947799e+04
 1.23815947e+00 2.41325745e+04 5.55150549e+04
 1.36502821e+00 2.75875983e+04 5.90325414e+04
 1.50489664e+00 3.13802906e+04 6.25757636e+04
 1.65909676e+00 3.54840450e+04 6.60569830e+04
 1.82909710e+00 3.98641043e+04 6.93929502e+04
 2.01651662e+00 4.44898417e+04 7.25435067e+04
 2.22314019e+00 4.93223048e+04 7.54544291e+04
 2.45093557e+00 5.43130659e+04 7.80384318e+04
 2.70207213e+00 5.93802449e+04 8.02030651e+04
 2.97894156e+00 6.45109247e+04 8.19868809e+04
 3.28418057e+00 6.97234097e+04 8.34442892e+04
 3.62069608e+00 7.50413668e+04 8.46413948e+04
 3.99169286e+00 8.04665328e+04 8.56244359e+04
 4.40070403e+00 8.59812656e+04 8.64615428e+04
 4.85162478e+00 9.15625369e+04 8.72572706e+04
 5.34874939e+00 9.72474834e+04 8.81320593e+04
 5.89681217e+00 1.03030655e+05 8.91263575e+04
 6.50103253e+00 1.08846724e+05 9.02868711e+04
 7.16716469e+00 1.14612008e+05 9.16387987e+04
 7.90155247e+00 1.20301323e+05 9.32027585e+04
 8.71118973e+00 1.25939810e+05 9.49926500e+04
 9.60378696e+00 1.31557922e+05 9.69941825e+04
 1.05878447e+01 1.37130658e+05 9.91873518e+04
 1.16727345e+01 1.42621218e+05 1.01552943e+05
 1.28687881e+01 1.48093455e+05 1.04068157e+05
 1.41873962e+01 1.53642462e+05 1.06712964e+05
 1.56411161e+01 1.59303275e+05 1.09444112e+05
 1.72437924e+01 1.65066122e+05 1.12211716e+05
 1.90106878e+01 1.70926875e+05 1.14992565e+05
 2.09586292e+01 1.76928968e+05 1.17770006e+05
 2.31061676e+01 1.83119996e+05 1.20521846e+05
 2.54737547e+01 1.89464263e+05 1.23222611e+05
 2.80839381e+01 1.95907643e+05 1.25877409e+05
 3.09615755e+01 2.02465665e+05 1.28521798e+05
 3.41340717e+01 2.09199933e+05 1.31193793e+05
 3.76316396e+01 2.16169988e+05 1.33923463e+05
 4.14875879e+01 2.23400816e+05 1.36726658e+05
 4.57386382e+01 2.30931764e+05 1.39619906e+05
 5.04252749e+01 2.38857366e+05 1.42622139e+05
 5.55921306e+01 2.47288358e+05 1.45690638e+05
 6.12884113e+01 2.56301881e+05 1.48813157e+05
 6.75683647e+01 2.65969628e+05 1.51982177e+05
 7.44917973e+01 2.76400392e+05 1.55159319e+05
 8.21246435e+01 2.87751674e+05 1.58309126e+05
 9.05395938e+01 3.00195888e+05 1.61411651e+05
 9.98167870e+01 3.13811592e+05 1.64445621e+05
 1.10044573e+02 3.28677846e+05 1.67502204e+05
 1.21320356e+02 3.44862953e+05 1.70663530e+05
 1.33751518e+02 3.62401615e+05 1.74026542e+05
 1.47456447e+02 3.81282853e+05 1.77679774e+05
 1.62565659e+02 4.01167294e+05 1.81626379e+05
 1.79223046e+02 4.21630077e+05 1.85803095e+05
 1.97587241e+02 4.42383997e+05 1.90124283e+05
 2.17833135e+02 4.63086163e+05 1.94387056e+05
 2.40153537e+02 4.83341677e+05 1.98317020e+05
 2.64761011e+02 5.02640069e+05 2.01590599e+05
 2.91889906e+02 5.20431221e+05 2.03967206e+05
 3.21798578e+02 5.36888383e+05 2.05414862e+05
 3.54771860e+02 5.52253432e+05 2.05954469e+05
 3.91123769e+02 5.66664257e+05 2.05625286e+05
 4.31200498e+02 5.80436937e+05 2.04535315e+05
 4.75383713e+02 5.93966137e+05 2.02829483e+05
 5.24094188e+02 6.07793139e+05 2.00676337e+05
 5.77795810e+02 6.23036934e+05 1.98302568e+05
 6.37000000e+02 6.39842693e+05 1.95685569e+05
