 2.45470900e-02 3.79765657e+01 3.09270248e+03
 2.72025433e-02 5.18489578e+01 3.42112871e+03
 3.01452580e-02 6.72220364e+01 3.78508340e+03
 3.34063095e-02 8.42581428e+01 4.18840996e+03
 3.70201347e-02 1.04113182e+02 4.63351739e+03
 4.10248961e-02 1.27945574e+02 5.12351750e+03
 4.54628843e-02 1.56833126e+02 5.66104172e+03
 5.03809648e-02 1.91862857e+02 6.24944021e+03
 5.58310731e-02 2.34104547e+02 6.89277924e+03
 6.18707628e-02 2.85455293e+02 7.59729586e+03
 6.85638135e-02 3.48117522e+02 8.37114836e+03
 7.59809047e-02 4.23761112e+02 9.22517865e+03
 8.42003613e-02 5.14255827e+02 1.01735960e+04
 9.33089818e-02 6.23557571e+02 1.12321774e+04
 1.03402954e-01 7.57732497e+02 1.24162377e+04
 1.14588871e-01 9.23767892e+02 1.37414256e+04
 1.26984857e-01 1.12788000e+03 1.52161634e+04
 1.40721816e-01 1.37788021e+03 1.68467063e+04
 1.55944810e-01 1.68467619e+03 1.86376055e+04
 1.72814596e-01 2.06087792e+03 2.05908948e+04
 1.91509321e-01 2.51595896e+03 2.27138408e+04
 2.12226402e-01 3.05711494e+03 2.50195541e+04
 2.35184614e-01 3.69913108e+03 2.75240655e+04
 2.60626397e-01 4.46157122e+03 3.02652301e+04
 2.88820420e-01 5.36508659e+03 3.32895244e+04
 3.20064414e-01 6.42953021e+03 3.66460653e+04
 3.54688319e-01 7.67712262e+03 4.03698884e+04
 3.93057765e-01 9.13595365e+03 4.44830900e+04
 4.35577939e-01 1.08398396e+04 4.89981515e+04
 4.82697857e-01 1.28069271e+04 5.39248364e+04
 5.34915110e-01 1.50614614e+04 5.92562520e+04
 5.92781117e-01 1.76477384e+04 6.49549374e+04
 6.56906949e-01 2.06197458e+04 7.09615592e+04
 7.27969780e-01 2.40397965e+04 7.72600508e+04
 8.06720041e-01 2.79800541e+04 8.38402677e+04
 8.93989341e-01 3.25294612e+04 9.06949142e+04
 9.90699254e-01 3.78075091e+04 9.77456538e+04
 1.09787104e+00 4.39285382e+04 1.04872812e+05
 1.21663646e+00 5.09745383e+04 1.11996471e+05
 1.34824966e+00 5.89666524e+04 1.19078511e+05
 1.49410052e+00 6.79014660e+04 1.26030720e+05
 1.65572921e+00 7.77600484e+04 1.32655258e+05
 1.83484256e+00 8.84887566e+04 1.38714636e+05
 2.03333203e+00 1.00002657e+05 1.44121152e+05
 2.25329367e+00 1.12120495e+05 1.48839139e+05
 2.49705030e+00 1.24603565e+05 1.52796156e+05
 2.76717602e+00 1.37344195e+05 1.55872738e+05
 3.06652339e+00 1.50252194e+05 1.57951390e+05
 3.39825353e+00 1.63205515e+05 1.59178470e+05
 3.76586954e+00 1.76000482e+05 1.59752625e+05
 4.17325350e+00 1.88401227e+05 1.59800249e+05
 4.62470741e+00 2.00381938e+05 1.59442968e+05
 5.12499866e+00 2.12047701e+05 1.58818420e+05
 5.67941039e+00 2.23378478e+05 1.58101065e+05
 6.29379722e+00 2.34256002e+05 1.57503687e+05
 6.97464715e+00 2.44593358e+05 1.57085931e+05
 7.72915001e+00 2.54503960e+05 1.56905633e+05
 8.56527343e+00 2.64134406e+05 1.56980068e+05
 9.49184694e+00 2.73485391e+05 1.57305307e+05
 1.05186553e+01 2.82471286e+05 1.57881517e+05
 1.16565416e+01 2.91074441e+05 1.58674954e+05
 1.29175221e+01 2.99504174e+05 1.59605569e+05
 1.43149128e+01 3.07987734e+05 1.60573705e+05
 1.58634704e+01 3.16557987e+05 1.61473991e+05
 1.75795477e+01 3.25234581e+05 1.62250641e+05
 1.94812667e+01 3.34046151e+05 1.62895396e+05
 2.15887097e+01 3.43041622e+05 1.63403613e+05
 2.39241316e+01 3.52212056e+05 1.63796732e+05
 2.65121945e+01 3.61387727e+05 1.64127892e+05
 2.93802287e+01 3.70367729e+05 1.64464851e+05
 3.25585209e+01 3.79190154e+05 1.64872040e+05
 3.60806341e+01 3.87963877e+05 1.65392594e+05
 3.99837623e+01 3.96811937e+05 1.66037506e+05
 4.43091228e+01 4.05858973e+05 1.66818553e+05
 4.91023918e+01 4.15281409e+05 1.67738811e+05
 5.44141867e+01 4.25288660e+05 1.68785736e+05
 6.03006005e+01 4.36141363e+05 1.69932538e+05
 6.68237944e+01 4.47960386e+05 1.71152257e+05
 7.40526539e+01 4.60848930e+05 1.72410846e+05
 8.20635163e+01 4.74957019e+05 1.73666684e+05
 9.09409773e+01 4.90393134e+05 1.74851720e+05
 1.00778784e+02 5.07056959e+05 1.75856756e+05
 1.11680823e+02 5.24799201e+05 1.76589125e+05
 1.23762223e+02 5.43373618e+05 1.76946029e+05
 1.37150564e+02 5.62440707e+05 1.76811671e+05
 1.51987227e+02 5.81476052e+05 1.76153328e+05
 1.68428890e+02 5.99762197e+05 1.74954666e+05
 1.86649178e+02 6.16715120e+05 1.73258079e+05
 2.06840499e+02 6.32210077e+05 1.71251418e+05
 2.29216075e+02 6.46140819e+05 1.69107789e+05
 2.54012195e+02 6.58450031e+05 1.67003236e+05
 2.81490707e+02 6.69121735e+05 1.65135495e+05
 3.11941788e+02 6.78471342e+05 1.63475157e+05
 3.45687004e+02 6.87070180e+05 1.61966438e+05
 3.83082707e+02 6.95406000e+05 1.60494734e+05
 4.24523800e+02 7.03684069e+05 1.58892402e+05
 4.70447904e+02 7.12158008e+05 1.57010224e+05
 5.21339982e+02 7.21095501e+05 1.54698986e+05
 5.77737460e+02 7.30999833e+05 1.52137722e+05
 6.40235900e+02 7.41975595e+05 1.49299386e+05
