 2.23872100e-02 6.40035363e+01 6.78417414e+03
 2.44807557e-02 8.17529506e+01 7.40032239e+03
 2.67700800e-02 1.01162206e+02 8.07408991e+03
 2.92734909e-02 1.22386523e+02 8.81086497e+03
 3.20110090e-02 1.46370665e+02 9.61490416e+03
 3.50045269e-02 1.74231929e+02 1.04913577e+04
 3.82779843e-02 2.06998251e+02 1.14466600e+04
 4.18575599e-02 2.45741650e+02 1.24889143e+04
 4.57718804e-02 2.91457292e+02 1.36279896e+04
 5.00522497e-02 3.45310962e+02 1.48748296e+04
 5.47328988e-02 4.09057299e+02 1.62415817e+04
 5.98512601e-02 4.84295685e+02 1.77416988e+04
 6.54482662e-02 5.72234413e+02 1.93900507e+04
 7.15686777e-02 6.74640375e+02 2.12020972e+04
 7.82614412e-02 7.95055469e+02 2.31927248e+04
 8.55800802e-02 9.37529199e+02 2.53779221e+04
 9.35831236e-02 1.10703686e+03 2.77750788e+04
 1.02334574e-01 1.30804566e+03 3.04031247e+04
 1.11904418e-01 1.54558231e+03 3.32826807e+04
 1.22369188e-01 1.82782660e+03 3.64362236e+04
 1.33812575e-01 2.16520513e+03 3.98889053e+04
 1.46326093e-01 2.56579416e+03 4.36686151e+04
 1.60009815e-01 3.04149592e+03 4.77948032e+04
 1.74973174e-01 3.60626495e+03 5.22784398e+04
 1.91335836e-01 4.27669085e+03 5.71290344e+04
 2.09228656e-01 5.07587413e+03 6.23546348e+04
 2.28794729e-01 6.02713132e+03 6.79618212e+04
 2.50190527e-01 7.15207033e+03 7.39556945e+04
 2.73587159e-01 8.47967097e+03 8.03404664e+04
 2.99171733e-01 1.00416147e+04 8.71478403e+04
 3.27148855e-01 1.18706402e+04 9.44324835e+04
 3.57742265e-01 1.40076456e+04 1.02253990e+05
 3.91196626e-01 1.65099819e+04 1.10679342e+05
 4.27779480e-01 1.94398095e+04 1.19783451e+05
 4.67783389e-01 2.28711747e+04 1.29644566e+05
 5.11528274e-01 2.68752222e+04 1.40221137e+05
 5.59363973e-01 3.15124573e+04 1.51432719e+05
 6.11673040e-01 3.68503692e+04 1.63172203e+05
 6.68873803e-01 4.29637930e+04 1.75314509e+05
 7.31423710e-01 4.98971186e+04 1.87709586e+05
 7.99822988e-01 5.77009439e+04 2.00180818e+05
 8.74618642e-01 6.64243750e+04 2.12409851e+05
 9.56408831e-01 7.61113160e+04 2.24330122e+05
 1.04584765e+00 8.68313870e+04 2.35870147e+05
 1.14365037e+00 9.86790612e+04 2.46943981e+05
 1.25059913e+00 1.11782313e+05 2.57453165e+05
 1.36754923e+00 1.26283495e+05 2.67289576e+05
 1.49543595e+00 1.42241464e+05 2.76334302e+05
 1.63528203e+00 1.59596628e+05 2.84717083e+05
 1.78820585e+00 1.78322929e+05 2.92435332e+05
 1.95543039e+00 1.98365610e+05 2.99497466e+05
 2.13829297e+00 2.19581371e+05 3.05922908e+05
 2.33825599e+00 2.41650339e+05 3.11742179e+05
 2.55691860e+00 2.64216342e+05 3.16997083e+05
 2.79602951e+00 2.87125738e+05 3.21723162e+05
 3.05750093e+00 3.10478257e+05 3.25844880e+05
 3.34342393e+00 3.34146156e+05 3.29296632e+05
 3.65608508e+00 3.57976776e+05 3.32009804e+05
 3.99798482e+00 3.81858024e+05 3.33912054e+05
 4.37185741e+00 4.05808186e+05 3.34926590e+05
 4.78069279e+00 4.29748804e+05 3.34971411e+05
 5.22776052e+00 4.53401932e+05 3.34008249e+05
 5.71663590e+00 4.76361004e+05 3.32112924e+05
 6.25122859e+00 4.98710923e+05 3.29332231e+05
 6.83581385e+00 5.20469779e+05 3.25734051e+05
 7.47506676e+00 5.41520555e+05 3.21408163e+05
 8.17409956e+00 5.61715677e+05 3.16467201e+05
 8.93850260e+00 5.81159070e+05 3.11047776e+05
 9.77438899e+00 5.99983958e+05 3.05338381e+05
 1.06884435e+01 6.18222837e+05 2.99379842e+05
 1.16879761e+01 6.35520565e+05 2.93223483e+05
 1.27809802e+01 6.51758337e+05 2.86931782e+05
 1.39761969e+01 6.67171594e+05 2.80579108e+05
 1.52831845e+01 6.82040545e+05 2.74253710e+05
 1.67123955e+01 6.96526646e+05 2.68057746e+05
 1.82752595e+01 7.10673514e+05 2.61940160e+05
 1.99842751e+01 7.24606070e+05 2.55829549e+05
 2.18531098e+01 7.38544753e+05 2.49642564e+05
 2.38967090e+01 7.52551593e+05 2.43384702e+05
 2.61314160e+01 7.66457440e+05 2.37066834e+05
 2.85751021e+01 7.80029957e+05 2.30702404e+05
 3.12473102e+01 7.92959727e+05 2.24310316e+05
 3.41694105e+01 8.05314455e+05 2.18030792e+05
 3.73647718e+01 8.17176383e+05 2.12053374e+05
 4.08589482e+01 8.28604117e+05 2.06590462e+05
 4.46798833e+01 8.39677396e+05 2.01598785e+05
 4.88581342e+01 8.50418480e+05 1.97015200e+05
 5.34271152e+01 8.60937425e+05 1.92758162e+05
 5.84233658e+01 8.71474401e+05 1.88725136e+05
 6.38868420e+01 8.82023889e+05 1.84827167e+05
 6.98612366e+01 8.92526682e+05 1.80970168e+05
 7.63943282e+01 9.02819456e+05 1.77032091e+05
 8.35383637e+01 9.12708766e+05 1.73066259e+05
 9.13504754e+01 9.22182776e+05 1.69135457e+05
 9.98931388e+01 9.31236630e+05 1.65333489e+05
 1.09234672e+02 9.39920161e+05 1.61672346e+05
 1.19449780e+02 9.48303563e+05 1.58113753e+05
 1.30620157e+02 9.56391375e+05 1.54606605e+05
 1.42835135e+02 9.65235521e+05 1.50771485e+05
 1.56192400e+02 9.74906729e+05 1.46577722e+05
