 5.49540000e-03 5.10484043e+02 1.41418104e+04
 6.33117288e-03 8.63927187e+02 1.60214875e+04
 7.29405503e-03 1.27112405e+03 1.81870370e+04
 8.40337798e-03 1.74024982e+03 2.06819360e+04
 9.68141331e-03 2.31180851e+03 2.35430812e+04
 1.11538198e-02 3.04330822e+03 2.68175155e+04
 1.28501586e-02 3.99974234e+03 3.05470722e+04
 1.48044866e-02 5.26291606e+03 3.47765071e+04
 1.70560403e-02 6.91774896e+03 3.95509226e+04
 1.96500236e-02 9.06166663e+03 4.49177628e+04
 2.26385152e-02 1.17800011e+04 5.08775912e+04
 2.60815142e-02 1.51662394e+04 5.74147067e+04
 3.00481449e-02 1.92799968e+04 6.45045997e+04
 3.46180442e-02 2.42214234e+04 7.21098688e+04
 3.98829607e-02 3.01057439e+04 8.01619905e+04
 4.59485969e-02 3.70608931e+04 8.85616349e+04
 5.29367307e-02 4.52202562e+04 9.72668001e+04
 6.09876613e-02 5.48049462e+04 1.06218038e+05
 7.02630249e-02 6.60410402e+04 1.15297331e+05
 8.09490405e-02 7.92089758e+04 1.24340788e+05
 9.32602485e-02 9.43632019e+04 1.33189325e+05
 1.07443818e-01 1.11332198e+05 1.41662409e+05
 1.23784508e-01 1.29876440e+05 1.49519625e+05
 1.42610387e-01 1.49691018e+05 1.56382775e+05
 1.64299416e-01 1.70306228e+05 1.62114459e+05
 1.89287041e-01 1.91216925e+05 1.66709453e+05
 2.18074932e-01 2.11814673e+05 1.70212964e+05
 2.51241055e-01 2.31826169e+05 1.72672226e+05
 2.89451278e-01 2.51367974e+05 1.74215491e+05
 3.33472738e-01 2.70503632e+05 1.75097231e+05
 3.84189241e-01 2.89292521e+05 1.75656642e+05
 4.42619009e-01 3.07828374e+05 1.75995722e+05
 5.09935121e-01 3.26171179e+05 1.76157256e+05
 5.87489064e-01 3.44388302e+05 1.76200000e+05
 6.76837870e-01 3.62301882e+05 1.76200000e+05
 7.79775369e-01 3.79771167e+05 1.76200000e+05
 8.98368211e-01 3.96894739e+05 1.76200000e+05
 1.03499735e+00 4.13760307e+05 1.76200000e+05
 1.19240586e+00 4.30498023e+05 1.76222278e+05
 1.37375398e+00 4.47312441e+05 1.76303197e+05
 1.58268260e+00 4.64425598e+05 1.76491116e+05
 1.82338631e+00 4.82068283e+05 1.76847751e+05
 2.10069767e+00 5.00076819e+05 1.77425521e+05
 2.42018417e+00 5.18263692e+05 1.78283064e+05
 2.78826007e+00 5.36515691e+05 1.79486777e+05
 3.21231512e+00 5.54644080e+05 1.81040903e+05
 3.70086297e+00 5.72360584e+05 1.82935973e+05
 4.26371206e+00 5.89492670e+05 1.85193704e+05
 4.91216257e+00 6.05969338e+05 1.87841061e+05
 5.65923325e+00 6.21764505e+05 1.90988656e+05
 6.51992286e+00 6.36660525e+05 1.94762613e+05
 7.51151122e+00 6.50775247e+05 1.99289075e+05
 8.65390619e+00 6.64510779e+05 2.04771182e+05
 9.97004334e+00 6.78389219e+05 2.11415257e+05
 1.14863464e+01 6.92920564e+05 2.19320775e+05
 1.32332578e+01 7.08650120e+05 2.28604847e+05
 1.52458497e+01 7.26146640e+05 2.39337585e+05
 1.75645286e+01 7.46070248e+05 2.51642101e+05
 2.02358458e+01 7.68283111e+05 2.65633573e+05
 2.33134327e+01 7.92356067e+05 2.81375498e+05
 2.68590772e+01 8.17812044e+05 2.98947690e+05
 3.09439642e+01 8.44056556e+05 3.18525111e+05
 3.56501049e+01 8.70344289e+05 3.40037408e+05
 4.10719834e+01 8.95865274e+05 3.63265283e+05
 4.73184531e+01 9.19693355e+05 3.87830125e+05
 5.45149228e+01 9.42149893e+05 4.13510115e+05
 6.28058741e+01 9.63794143e+05 4.40197405e+05
 7.23577623e+01 9.85577513e+05 4.67769942e+05
 8.33623579e+01 1.00876092e+06 4.96091404e+05
 9.60405975e+01 1.03492322e+06 5.25621955e+05
 1.10647019e+02 1.06553071e+06 5.56954319e+05
 1.27474870e+02 1.10224896e+06 5.90768987e+05
 1.46862001e+02 1.14587302e+06 6.27595119e+05
 1.69197642e+02 1.19698731e+06 6.67923324e+05
 1.94930218e+02 1.25513236e+06 7.12337473e+05
 2.24576356e+02 1.31949317e+06 7.61323418e+05
 2.58731254e+02 1.38893484e+06 8.14815685e+05
 2.98080631e+02 1.46309138e+06 8.73039790e+05
 3.43414493e+02 1.54141439e+06 9.36392670e+05
 3.95642997e+02 1.62320182e+06 1.00517252e+06
 4.55814720e+02 1.70842796e+06 1.07967487e+06
 5.25137713e+02 1.79822691e+06 1.16018105e+06
 6.05003757e+02 1.89380524e+06 1.24765708e+06
 6.97016300e+02 1.99659520e+06 1.34394397e+06
 8.03022655e+02 2.10785480e+06 1.45096190e+06
 9.25151081e+02 2.22874222e+06 1.57099835e+06
 1.06585352e+03 2.36005690e+06 1.70627619e+06
 1.22795482e+03 2.50186899e+06 1.85915097e+06
 1.41470943e+03 2.65412557e+06 2.03223362e+06
 1.62986680e+03 2.81731103e+06 2.22775471e+06
 1.87774656e+03 2.99169073e+06 2.44720764e+06
 2.16332534e+03 3.17701714e+06 2.69207440e+06
 2.49233664e+03 3.37458166e+06 2.96372999e+06
 2.87138591e+03 3.58755679e+06 3.26527102e+06
 3.30808323e+03 3.81980776e+06 3.60218467e+06
 3.81119605e+03 4.07632677e+06 3.98084116e+06
 4.39082525e+03 4.36274820e+06 4.40895749e+06
 5.05860788e+03 4.68549403e+06 4.89457886e+06
 5.82795083e+03 5.05732494e+06 5.45405641e+06
 6.71430000e+03 5.48570610e+06 6.09862260e+06
