 2.81840000e-03 6.52275195e+02 8.13785559e+03
 3.26703740e-03 1.08851012e+03 9.08013853e+03
 3.78708961e-03 1.59418561e+03 1.01724156e+04
 4.38992456e-03 2.18035534e+03 1.14385630e+04
 5.08871974e-03 2.87316732e+03 1.28602676e+04
 5.89875025e-03 3.70267044e+03 1.44221425e+04
 6.83772271e-03 4.70155466e+03 1.61228162e+04
 7.92616229e-03 5.90641276e+03 1.79549388e+04
 9.18786142e-03 7.35661848e+03 1.99261749e+04
 1.06503998e-02 9.10065239e+03 2.20543343e+04
 1.23457474e-02 1.11801295e+04 2.43484807e+04
 1.43109631e-02 1.36154278e+04 2.67932025e+04
 1.65890050e-02 1.64263723e+04 2.93631706e+04
 1.92296693e-02 1.96241717e+04 3.20256854e+04
 2.22906786e-02 2.31902462e+04 3.47477864e+04
 2.58389443e-02 2.70874244e+04 3.74793800e+04
 2.99520286e-02 3.12675770e+04 4.01578717e+04
 3.47198402e-02 3.57006955e+04 4.27364474e+04
 4.02465996e-02 4.03478513e+04 4.51998031e+04
 4.66531174e-02 4.51473287e+04 4.75356454e+04
 5.40794349e-02 5.00353001e+04 4.97402642e+04
 6.26878855e-02 5.50257986e+04 5.18272967e+04
 7.26666428e-02 6.01253149e+04 5.38190665e+04
 8.42338347e-02 6.53141506e+04 5.57488348e+04
 9.76423106e-02 7.05390503e+04 5.76489310e+04
 1.13185169e-01 7.58497409e+04 5.95450954e+04
 1.31202164e-01 8.12965189e+04 6.14727154e+04
 1.52087134e-01 8.68988739e+04 6.34681207e+04
 1.76296606e-01 9.25976707e+04 6.55604193e+04
 2.04359780e-01 9.83771616e+04 6.77957883e+04
 2.36890095e-01 1.04269697e+05 7.02309620e+04
 2.74598638e-01 1.10300630e+05 7.29237280e+04
 3.18309686e-01 1.16407626e+05 7.59319998e+04
 3.68978728e-01 1.22585624e+05 7.93226967e+04
 4.27713350e-01 1.28936167e+05 8.31702436e+04
 4.95797441e-01 1.35566256e+05 8.75326091e+04
 5.74719267e-01 1.42551537e+05 9.24745122e+04
 6.66203995e-01 1.49958126e+05 9.80635802e+04
 7.72251407e-01 1.57887923e+05 1.04374314e+05
 8.95179615e-01 1.66439145e+05 1.11487268e+05
 1.03767573e+00 1.75663988e+05 1.19491646e+05
 1.20285461e+00 1.85534690e+05 1.28488186e+05
 1.39432692e+00 1.96117910e+05 1.38588410e+05
 1.61627809e+00 2.07527531e+05 1.49918432e+05
 1.87355981e+00 2.19890208e+05 1.62660948e+05
 2.17179605e+00 2.33357862e+05 1.76854791e+05
 2.51750600e+00 2.48185785e+05 1.92499915e+05
 2.91824661e+00 2.64686204e+05 2.09581958e+05
 3.38277775e+00 2.83188032e+05 2.28078356e+05
 3.92125370e+00 3.03817123e+05 2.47959567e+05
 4.54544511e+00 3.26644821e+05 2.69190093e+05
 5.26899629e+00 3.51705058e+05 2.91680271e+05
 6.10772351e+00 3.79047210e+05 3.15890321e+05
 7.07996066e+00 4.08633214e+05 3.42090619e+05
 8.20696007e+00 4.40386224e+05 3.70447504e+05
 9.51335703e+00 4.74335021e+05 4.01073089e+05
 1.10277083e+01 5.10923978e+05 4.33975520e+05
 1.27831165e+01 5.50695402e+05 4.68983919e+05
 1.48179533e+01 5.94314656e+05 5.05712921e+05
 1.71766988e+01 6.42527746e+05 5.43144236e+05
 1.99109130e+01 6.95897639e+05 5.81110764e+05
 2.30803638e+01 7.54862915e+05 6.19810941e+05
 2.67543329e+01 8.19707065e+05 6.59320118e+05
 3.10131302e+01 8.90586447e+05 6.99302093e+05
 3.59498496e+01 9.67183815e+05 7.39443498e+05
 4.16724039e+01 1.04860486e+06 7.79643986e+05
 4.83058834e+01 1.13350613e+06 8.19759266e+05
 5.59952909e+01 1.22124576e+06 8.58476752e+05
 6.49087104e+01 1.31102725e+06 8.93840325e+05
 7.52409822e+01 1.40178972e+06 9.24307531e+05
 8.72179615e+01 1.49190555e+06 9.49751493e+05
 1.01101455e+02 1.58096293e+06 9.70192752e+05
 1.17194946e+02 1.66907150e+06 9.85724909e+05
 1.35850224e+02 1.75631340e+06 9.96684201e+05
 1.57475079e+02 1.84185569e+06 1.00426237e+06
 1.82542213e+02 1.92591660e+06 1.01023250e+06
 2.11599573e+02 2.00895123e+06 1.01659257e+06
 2.45282330e+02 2.09157483e+06 1.02469652e+06
 2.84326761e+02 2.17326021e+06 1.03632437e+06
 3.29586348e+02 2.25468904e+06 1.05331952e+06
 3.82050427e+02 2.33740183e+06 1.07790345e+06
 4.42865822e+02 2.42291093e+06 1.11225193e+06
 5.13361909e+02 2.51179590e+06 1.15870135e+06
 5.95079674e+02 2.60510727e+06 1.21820594e+06
 6.89805404e+02 2.70436925e+06 1.29123133e+06
 7.99609726e+02 2.81089595e+06 1.37797335e+06
 9.26892875e+02 2.92402654e+06 1.47976882e+06
 1.07443716e+03 3.04265106e+06 1.59819406e+06
 1.24546778e+03 3.16722499e+06 1.73495323e+06
 1.44372332e+03 3.29830994e+06 1.89141756e+06
 1.67353749e+03 3.43553724e+06 2.07145419e+06
 1.93993386e+03 3.57814066e+06 2.27999531e+06
 2.24873562e+03 3.72687007e+06 2.52316974e+06
 2.60669293e+03 3.88384143e+06 2.80533337e+06
 3.02163046e+03 4.05113715e+06 3.13104175e+06
 3.50261841e+03 4.23132430e+06 3.50706198e+06
 4.06017078e+03 4.42784174e+06 3.94277537e+06
 4.70647523e+03 4.64494689e+06 4.44638853e+06
 5.45565945e+03 4.89661118e+06 5.03016764e+06
 6.32410000e+03 5.18833580e+06 5.70687364e+06
