 1.61440000e-04 7.91335373e+02 5.16786917e+03
 1.92739461e-04 1.14233355e+03 5.73709890e+03
 2.30107159e-04 1.56138212e+03 6.41668904e+03
 2.74719585e-04 2.06167445e+03 7.22803589e+03
 3.27981322e-04 2.64839965e+03 8.15312391e+03
 3.91569271e-04 3.32735199e+03 9.17582112e+03
 4.67485445e-04 4.10525363e+03 1.02958444e+04
 5.58119999e-04 4.98846886e+03 1.15044808e+04
 6.66326485e-04 5.97811605e+03 1.28008471e+04
 7.95511691e-04 7.07104212e+03 1.42052485e+04
 9.49742904e-04 8.26715187e+03 1.57487169e+04
 1.13387596e-03 9.56419293e+03 1.74719449e+04
 1.35370814e-03 1.09658133e+04 1.94161145e+04
 1.61616066e-03 1.24788860e+04 2.16124082e+04
 1.92949661e-03 1.41085976e+04 2.41209117e+04
 2.30358113e-03 1.58854622e+04 2.70040809e+04
 2.75019192e-03 1.78449854e+04 3.03042490e+04
 3.28339017e-03 2.00233901e+04 3.40503035e+04
 3.91996315e-03 2.24641157e+04 3.82597889e+04
 4.67995282e-03 2.52046745e+04 4.29484357e+04
 5.58728681e-03 2.82936574e+04 4.81681704e+04
 6.67053176e-03 3.18076526e+04 5.39368013e+04
 7.96379271e-03 3.58414364e+04 6.02737435e+04
 9.50778688e-03 4.05360205e+04 6.72625591e+04
 1.13511256e-02 4.60414615e+04 7.49982204e+04
 1.35518448e-02 5.25294542e+04 8.36110512e+04
 1.61792323e-02 6.01984325e+04 9.32177375e+04
 1.93160091e-02 6.92503112e+04 1.03862824e+05
 2.30609340e-02 7.98706458e+04 1.15641308e+05
 2.75319127e-02 9.21912143e+04 1.28550964e+05
 3.28697101e-02 1.06329528e+05 1.42467202e+05
 3.92423823e-02 1.22555827e+05 1.57267927e+05
 4.68505675e-02 1.41007167e+05 1.72707562e+05
 5.59338028e-02 1.61796468e+05 1.88552685e+05
 6.67780661e-02 1.85074220e+05 2.04650507e+05
 7.97247798e-02 2.10906134e+05 2.20758765e+05
 9.51815601e-02 2.39341568e+05 2.36843569e+05
 1.13635051e-01 2.70341839e+05 2.52924191e+05
 1.35666244e-01 3.03443446e+05 2.68975957e+05
 1.61968773e-01 3.38664412e+05 2.85156473e+05
 1.93370750e-01 3.76027036e+05 3.01590369e+05
 2.30860841e-01 4.15348705e+05 3.18238872e+05
 2.75619388e-01 4.56691197e+05 3.35036430e+05
 3.29055576e-01 5.00162954e+05 3.51878992e+05
 3.92851799e-01 5.45638229e+05 3.68675748e+05
 4.69016624e-01 5.93504085e+05 3.85332563e+05
 5.59948038e-01 6.43665256e+05 4.01542354e+05
 6.68508938e-01 6.95853074e+05 4.16968426e+05
 7.98117271e-01 7.50118216e+05 4.31451320e+05
 9.52853646e-01 8.06325976e+05 4.44833661e+05
 1.13758980e+00 8.64311146e+05 4.56699056e+05
 1.35814201e+00 9.24289156e+05 4.66800198e+05
 1.62145415e+00 9.86105144e+05 4.74927699e+05
 1.93581639e+00 1.04946189e+06 4.81067939e+05
 2.31112616e+00 1.11406250e+06 4.85453263e+05
 2.75919977e+00 1.17917331e+06 4.88270603e+05
 3.29414442e+00 1.24368944e+06 4.89851959e+05
 3.93280240e+00 1.30618671e+06 4.90658670e+05
 4.69528131e+00 1.36607450e+06 4.90889400e+05
 5.60558714e+00 1.42290329e+06 4.90777675e+05
 6.69238010e+00 1.47627898e+06 4.90469741e+05
 7.98987693e+00 1.52650112e+06 4.89820806e+05
 9.53892822e+00 1.57436690e+06 4.88707046e+05
 1.13883045e+01 1.62103444e+06 4.87037105e+05
 1.35962319e+01 1.66759985e+06 4.84727361e+05
 1.62322250e+01 1.71343586e+06 4.81845108e+05
 1.93792758e+01 1.75734403e+06 4.78741034e+05
 2.31364666e+01 1.79861852e+06 4.75945186e+05
 2.76220894e+01 1.83688525e+06 4.74189545e+05
 3.29773700e+01 1.87168023e+06 4.74189545e+05
 3.93709150e+01 1.90308283e+06 4.76651689e+05
 4.70040196e+01 1.93254171e+06 4.82407056e+05
 5.61170056e+01 1.96219520e+06 4.92220939e+05
 6.69967877e+01 1.99492546e+06 5.06654556e+05
 7.99859065e+01 2.03233724e+06 5.26315099e+05
 9.54933132e+01 2.07422384e+06 5.51749672e+05
 1.14007245e+02 2.11995472e+06 5.83676088e+05
 1.36110598e+02 2.16813884e+06 6.23016834e+05
 1.62499277e+02 2.21788806e+06 6.70647655e+05
 1.94004108e+02 2.26851865e+06 7.27216704e+05
 2.31616991e+02 2.31943260e+06 7.93323143e+05
 2.76522138e+02 2.37199741e+06 8.69328907e+05
 3.30133349e+02 2.42873828e+06 9.55720737e+05
 3.94138526e+02 2.49299272e+06 1.05320235e+06
 4.70552819e+02 2.56876416e+06 1.16250715e+06
 5.61782065e+02 2.65702775e+06 1.28466800e+06
 6.70698540e+02 2.75797194e+06 1.42160388e+06
 8.00731386e+02 2.87117826e+06 1.57567612e+06
 9.55974577e+02 2.99565145e+06 1.74917873e+06
 1.14131581e+03 3.12964868e+06 1.94486690e+06
 1.36259040e+03 3.27069549e+06 2.16590543e+06
 1.62676498e+03 3.41642235e+06 2.41761149e+06
 1.94215687e+03 3.56783926e+06 2.70837889e+06
 2.31869592e+03 3.72703524e+06 3.04871953e+06
 2.76823712e+03 3.89735065e+06 3.45143955e+06
 3.30493391e+03 4.08378371e+06 3.93328945e+06
 3.94568372e+03 4.29305839e+06 4.51455160e+06
 4.71066001e+03 4.53255484e+06 5.21801395e+06
 5.62394741e+03 4.81848408e+06 6.05786128e+06
 6.71430000e+03 5.15984835e+06 7.06053547e+06
