 6.60690000e-03 3.18677535e+02 1.71135981e+04
 7.60216220e-03 5.44370695e+02 1.96412343e+04
 8.74735052e-03 8.04062231e+02 2.25496331e+04
 1.00650498e-02 1.10287365e+03 2.58961526e+04
 1.15812471e-02 1.47187246e+03 2.97610403e+04
 1.33258440e-02 1.94832678e+03 3.42303480e+04
 1.53332467e-02 2.57462335e+03 3.94065859e+04
 1.76430441e-02 3.40237354e+03 4.53890097e+04
 2.03007891e-02 4.50827408e+03 5.22919538e+04
 2.33588962e-02 5.98299551e+03 6.02267284e+04
 2.68776761e-02 7.94983929e+03 6.93266428e+04
 3.09265243e-02 1.05581217e+04 7.97198806e+04
 3.55852902e-02 1.39848042e+04 9.15519985e+04
 4.09458518e-02 1.84762253e+04 1.04989705e+05
 4.71139274e-02 2.43342557e+04 1.20346818e+05
 5.42111607e-02 3.18477895e+04 1.37864833e+05
 6.23775201e-02 4.13234645e+04 1.57539253e+05
 7.17740582e-02 5.30818104e+04 1.79367700e+05
 8.25860892e-02 6.75511863e+04 2.03320699e+05
 9.50268425e-02 8.52060034e+04 2.29159894e+05
 1.09341669e-01 1.06377766e+05 2.56309919e+05
 1.25812878e-01 1.31318032e+05 2.83832042e+05
 1.44765306e-01 1.60382898e+05 3.11029204e+05
 1.66572725e-01 1.93955365e+05 3.37496563e+05
 1.91665210e-01 2.32178476e+05 3.62542696e+05
 2.20537622e-01 2.74825121e+05 3.85335338e+05
 2.53759369e-01 3.21530294e+05 4.05387555e+05
 2.91985634e-01 3.71780836e+05 4.22842699e+05
 3.35970297e-01 4.24899782e+05 4.37865729e+05
 3.86580800e-01 4.79882554e+05 4.50234730e+05
 4.44815261e-01 5.35519725e+05 4.59886724e+05
 5.11822151e-01 5.91086382e+05 4.67062582e+05
 5.88922945e-01 6.45820410e+05 4.72191003e+05
 6.77638190e-01 6.98791721e+05 4.75513639e+05
 7.79717482e-01 7.49983421e+05 4.76858667e+05
 8.97173981e-01 7.99737436e+05 4.76500293e+05
 1.03232410e+00 8.48302523e+05 4.74957563e+05
 1.18783322e+00 8.95935174e+05 4.72694044e+05
 1.36676820e+00 9.42392805e+05 4.70128617e+05
 1.57265791e+00 9.88004197e+05 4.67628214e+05
 1.80956281e+00 1.03320662e+06 4.65453247e+05
 2.08215501e+00 1.07743537e+06 4.63831535e+05
 2.39581046e+00 1.12027795e+06 4.62647863e+05
 2.75671491e+00 1.16231365e+06 4.61645158e+05
 3.17198594e+00 1.20420310e+06 4.60534633e+05
 3.64981332e+00 1.24644224e+06 4.59035310e+05
 4.19962053e+00 1.28916207e+06 4.56958810e+05
 4.83225060e+00 1.33270704e+06 4.54243648e+05
 5.56017994e+00 1.37748976e+06 4.51046349e+05
 6.39776442e+00 1.42332682e+06 4.47629173e+05
 7.36152248e+00 1.46902149e+06 4.44340693e+05
 8.47046088e+00 1.51376330e+06 4.41465635e+05
 9.74644955e+00 1.55787206e+06 4.39098738e+05
 1.12146529e+01 1.60186663e+06 4.37323862e+05
 1.29040262e+01 1.64577457e+06 4.36215209e+05
 1.48478863e+01 1.68951745e+06 4.35669112e+05
 1.70845692e+01 1.73307123e+06 4.35510000e+05
 1.96581856e+01 1.77690857e+06 4.35511060e+05
 2.26194910e+01 1.82095518e+06 4.35572406e+05
 2.60268870e+01 1.86397818e+06 4.35776678e+05
 2.99475725e+01 1.90444727e+06 4.36232452e+05
 3.44588693e+01 1.94217058e+06 4.37077159e+05
 3.96497471e+01 1.97741945e+06 4.38563500e+05
 4.56225777e+01 2.01026610e+06 4.41050854e+05
 5.24951544e+01 2.04031801e+06 4.44987421e+05
 6.04030148e+01 2.06750955e+06 4.50740025e+05
 6.95021139e+01 2.09221355e+06 4.58724374e+05
 7.99718996e+01 2.11523097e+06 4.69418101e+05
 9.20188519e+01 2.13673305e+06 4.83372401e+05
 1.05880555e+02 2.15681564e+06 5.00962835e+05
 1.21830382e+02 2.17682394e+06 5.22465955e+05
 1.40182889e+02 2.19858218e+06 5.48151805e+05
 1.61300013e+02 2.22365960e+06 5.78432121e+05
 1.85598218e+02 2.25361553e+06 6.13354838e+05
 2.13556699e+02 2.28942872e+06 6.52807497e+05
 2.45726841e+02 2.33081756e+06 6.96532001e+05
 2.82743087e+02 2.37738812e+06 7.44311964e+05
 3.25335454e+02 2.42760473e+06 7.96063522e+05
 3.74343927e+02 2.48052218e+06 8.51775033e+05
 4.30735028e+02 2.53644967e+06 9.11425835e+05
 4.95620873e+02 2.59594309e+06 9.76121829e+05
 5.70281110e+02 2.65985026e+06 1.04743207e+06
 6.56188152e+02 2.73009938e+06 1.12688627e+06
 7.55036215e+02 2.80827157e+06 1.21560222e+06
 8.68774732e+02 2.89613166e+06 1.31417894e+06
 9.99646798e+02 2.99440319e+06 1.42320596e+06
 1.15023341e+03 3.10209782e+06 1.54412788e+06
 1.32350436e+03 3.21773841e+06 1.67825097e+06
 1.52287681e+03 3.34136869e+06 1.82695764e+06
 1.75228270e+03 3.47322876e+06 1.99305712e+06
 2.01624624e+03 3.61424178e+06 2.18218015e+06
 2.31997320e+03 3.76554830e+06 2.40122955e+06
 2.66945354e+03 3.92897963e+06 2.65597529e+06
 3.07157953e+03 4.10849376e+06 2.94997248e+06
 3.53428171e+03 4.30903532e+06 3.28700021e+06
 4.06668526e+03 4.53487906e+06 3.67317089e+06
 4.67928998e+03 4.79108722e+06 4.11477247e+06
 5.38417736e+03 5.08315139e+06 4.61600517e+06
 6.19524885e+03 5.41921206e+06 5.19274348e+06
 7.12850000e+03 5.80589684e+06 5.85636155e+06
