 1.06169600e-04 4.79651629e+03 5.24588271e+04
 1.27718175e-04 1.01060371e+04 6.04528370e+04
 1.53640329e-04 1.64931979e+04 7.00693408e+04
 1.84823739e-04 2.41767205e+04 8.16376459e+04
 2.22336249e-04 3.35555531e+04 9.48251448e+04
 2.67462438e-04 4.51208198e+04 1.09288608e+05
 3.21747604e-04 5.93485560e+04 1.24720311e+05
 3.87050689e-04 7.66099961e+04 1.40664181e+05
 4.65607930e-04 9.69891228e+04 1.56479786e+05
 5.60109440e-04 1.20579691e+05 1.71489773e+05
 6.73791325e-04 1.47391350e+05 1.85378984e+05
 8.10546507e-04 1.77079139e+05 1.97832827e+05
 9.75058028e-04 2.09202083e+05 2.08687119e+05
 1.17295942e-03 2.42970838e+05 2.17720476e+05
 1.41102760e-03 2.77689736e+05 2.24751416e+05
 1.69741499e-03 3.13021289e+05 2.29739284e+05
 2.04192862e-03 3.48333200e+05 2.32991447e+05
 2.45636601e-03 3.82956454e+05 2.34522806e+05
 2.95491915e-03 4.16722816e+05 2.34462732e+05
 3.55466048e-03 4.49498235e+05 2.32958038e+05
 4.27612754e-03 4.81663097e+05 2.30280356e+05
 5.14402621e-03 5.13724526e+05 2.26836677e+05
 6.18807682e-03 5.45975264e+05 2.23074050e+05
 7.44403180e-03 5.78840451e+05 2.19150525e+05
 8.95490006e-03 6.12395814e+05 2.15224618e+05
 1.07724197e-02 6.46123082e+05 2.11462654e+05
 1.29588299e-02 6.79266223e+05 2.07943086e+05
 1.55890020e-02 7.10612887e+05 2.04581087e+05
 1.87530036e-02 7.39502675e+05 2.01250720e+05
 2.25591826e-02 7.65415001e+05 1.97872995e+05
 2.71378779e-02 7.87799367e+05 1.94365242e+05
 3.26458821e-02 8.07419171e+05 1.90656417e+05
 3.92718111e-02 8.25689487e+05 1.86706639e+05
 4.72425633e-02 8.44174482e+05 1.82507079e+05
 5.68310889e-02 8.64002606e+05 1.78187961e+05
 6.83657372e-02 8.84894431e+05 1.73951708e+05
 8.22415003e-02 9.06459558e+05 1.69954906e+05
 9.89335397e-02 9.28690446e+05 1.66273340e+05
 1.19013457e-01 9.50454153e+05 1.62975130e+05
 1.43168869e-01 9.70018979e+05 1.60054887e+05
 1.72226953e-01 9.86715333e+05 1.57463610e+05
 2.07182773e-01 1.00084893e+06 1.55150158e+05
 2.49233356e-01 1.01323159e+06 1.52963925e+05
 2.99818680e-01 1.02466099e+06 1.50775461e+05
 3.60670990e-01 1.03571309e+06 1.48561488e+05
 4.33874109e-01 1.04691815e+06 1.46379289e+05
 5.21934805e-01 1.05970650e+06 1.44380792e+05
 6.27868626e-01 1.07460336e+06 1.42765188e+05
 7.55303167e-01 1.09196073e+06 1.41624518e+05
 9.08602294e-01 1.11135057e+06 1.41085163e+05
 1.09301558e+00 1.13246864e+06 1.41310439e+05
 1.31485807e+00 1.15459949e+06 1.42426345e+05
 1.58172653e+00 1.17747906e+06 1.44506316e+05
 1.90275960e+00 1.20023692e+06 1.47614044e+05
 2.28895074e+00 1.22178688e+06 1.51690455e+05
 2.75352465e+00 1.24102996e+06 1.56746808e+05
 3.31239021e+00 1.25757699e+06 1.62917893e+05
 3.98468520e+00 1.27110447e+06 1.70311212e+05
 4.79343166e+00 1.28209857e+06 1.79028851e+05
 5.76632429e+00 1.29107308e+06 1.89097594e+05
 6.93667882e+00 1.29876164e+06 2.00480336e+05
 8.34457284e+00 1.30641320e+06 2.13302320e+05
 1.00382182e+01 1.31571353e+06 2.27795527e+05
 1.20756122e+01 1.32880923e+06 2.43933057e+05
 1.45265231e+01 1.34825457e+06 2.61837742e+05
 1.74748801e+01 1.37570311e+06 2.81642897e+05
 2.10216464e+01 1.41182656e+06 3.03552813e+05
 2.52882776e+01 1.45664296e+06 3.27794565e+05
 3.04208801e+01 1.50973592e+06 3.54550961e+05
 3.65952145e+01 1.57045448e+06 3.83879559e+05
 4.40227148e+01 1.63746133e+06 4.16353522e+05
 5.29577279e+01 1.70755344e+06 4.52588735e+05
 6.37062245e+01 1.77821740e+06 4.92941273e+05
 7.66362757e+01 1.84934555e+06 5.37667493e+05
 9.21906579e+01 1.92188887e+06 5.87047500e+05
 1.10902015e+02 1.99610664e+06 6.40975928e+05
 1.33411099e+02 2.07049259e+06 6.99107367e+05
 1.60488709e+02 2.14340457e+06 7.60409636e+05
 1.93062092e+02 2.21785856e+06 8.23331107e+05
 2.32246689e+02 2.29661687e+06 8.87563064e+05
 2.79384337e+02 2.37771576e+06 9.53209487e+05
 3.36089217e+02 2.45796495e+06 1.02058157e+06
 4.04303128e+02 2.53588569e+06 1.09154237e+06
 4.86361988e+02 2.61424776e+06 1.16842261e+06
 5.85075818e+02 2.69665159e+06 1.25403519e+06
 7.03824973e+02 2.78381799e+06 1.35191219e+06
 8.46675895e+02 2.87605634e+06 1.46449965e+06
 1.01852037e+03 2.97692645e+06 1.59407543e+06
 1.22524303e+03 3.08978300e+06 1.74315058e+06
 1.47392290e+03 3.21708951e+06 1.91335477e+06
 1.77307575e+03 3.35862559e+06 2.10779152e+06
 2.13294576e+03 3.51435879e+06 2.32943878e+06
 2.56585633e+03 3.68415931e+06 2.58156020e+06
 3.08663204e+03 3.87263541e+06 2.86813540e+06
 3.71310630e+03 4.08719224e+06 3.19444638e+06
 4.46673211e+03 4.33738551e+06 3.56944087e+06
 5.37331659e+03 4.63480941e+06 4.00443100e+06
 6.46390482e+03 4.99320853e+06 4.50931150e+06
 7.77584288e+03 5.42434966e+06 5.11666442e+06
 9.35405674e+03 5.94299680e+06 5.84728794e+06
