 7.60326277e-05 1.36156848e+04 4.45525060e+04
 9.14368407e-05 1.92530902e+04 4.92364423e+04
 1.09961948e-04 2.60326343e+04 5.48693442e+04
 1.32240242e-04 3.41857142e+04 6.16434723e+04
 1.59032120e-04 4.37231437e+04 6.91410790e+04
 1.91252033e-04 5.46261155e+04 7.67272835e+04
 2.29999702e-04 6.68973355e+04 8.40042682e+04
 2.76597649e-04 8.04352865e+04 9.04806599e+04
 3.32636343e-04 9.50553073e+04 9.60272404e+04
 4.00028477e-04 1.10642896e+05 1.00616323e+05
 4.81074261e-04 1.26992424e+05 1.04287415e+05
 5.78539923e-04 1.43934957e+05 1.07145000e+05
 6.95752131e-04 1.61446846e+05 1.09340694e+05
 8.36711538e-04 1.79458394e+05 1.11077452e+05
 1.00622932e-03 1.98080732e+05 1.12593998e+05
 1.21009142e-03 2.17475900e+05 1.13795951e+05
 1.45525598e-03 2.37495455e+05 1.14659763e+05
 1.75009090e-03 2.58148909e+05 1.15181053e+05
 2.10465937e-03 2.79389231e+05 1.15368018e+05
 2.53106344e-03 3.00947977e+05 1.15253393e+05
 3.04385698e-03 3.22623203e+05 1.14870634e+05
 3.66054251e-03 3.43844900e+05 1.14285254e+05
 4.40216855e-03 3.64048170e+05 1.13616103e+05
 5.29404805e-03 3.83330533e+05 1.12928267e+05
 6.36662237e-03 4.01662886e+05 1.12258674e+05
 7.65650029e-03 4.18960990e+05 1.11594843e+05
 9.20770751e-03 4.35032270e+05 1.10904324e+05
 1.10731894e-02 4.49621640e+05 1.10154595e+05
 1.33166179e-02 4.63106084e+05 1.09286247e+05
 1.60145652e-02 4.75807383e+05 1.08188879e+05
 1.92591166e-02 4.87550552e+05 1.06802605e+05
 2.31610144e-02 4.98281254e+05 1.05126003e+05
 2.78534367e-02 5.08091228e+05 1.03234120e+05
 3.34965439e-02 5.17338397e+05 1.01265167e+05
 4.02829449e-02 5.26424095e+05 9.93347865e+04
 4.84442709e-02 5.35304886e+05 9.75825106e+04
 5.82590819e-02 5.44113591e+05 9.61542078e+04
 7.00623739e-02 5.52967751e+05 9.51284632e+04
 8.42570133e-02 5.61948456e+05 9.45772899e+04
 1.01327487e-01 5.71206371e+05 9.45700149e+04
 1.21856440e-01 5.80804952e+05 9.51023132e+04
 1.46544559e-01 5.90783711e+05 9.62164413e+04
 1.76234491e-01 6.01194875e+05 9.79411847e+04
 2.11939605e-01 6.12022469e+05 1.00340925e+05
 2.54878577e-01 6.23082562e+05 1.03516183e+05
 3.06516985e-01 6.34209433e+05 1.07577171e+05
 3.68617337e-01 6.45190491e+05 1.12580007e+05
 4.43299223e-01 6.55816555e+05 1.18585063e+05
 5.33111661e-01 6.66046073e+05 1.25587578e+05
 6.41120102e-01 6.75863293e+05 1.33594953e+05
 7.71011057e-01 6.85227802e+05 1.42569081e+05
 9.27217924e-01 6.94817687e+05 1.52474233e+05
 1.11507231e+00 7.05545999e+05 1.63274716e+05
 1.34098600e+00 7.18515379e+05 1.74959373e+05
 1.61266981e+00 7.34544687e+05 1.87652442e+05
 1.93939676e+00 7.54380049e+05 2.01693539e+05
 2.33231862e+00 7.78802576e+05 2.17329530e+05
 2.80484645e+00 8.08763308e+05 2.34786189e+05
 3.37310844e+00 8.44651256e+05 2.54150930e+05
 4.05650033e+00 8.86444273e+05 2.75354252e+05
 4.87834743e+00 9.33493302e+05 2.98420344e+05
 5.86670079e+00 9.85721016e+05 3.23199079e+05
 7.05529458e+00 1.04284342e+06 3.49188005e+05
 8.48469751e+00 1.10432221e+06 3.76196821e+05
 1.02036975e+01 1.16887798e+06 4.04060634e+05
 1.22709670e+01 1.23413131e+06 4.32663837e+05
 1.47570653e+01 1.29816967e+06 4.62015393e+05
 1.77468473e+01 1.36046307e+06 4.91920251e+05
 2.13423592e+01 1.41994560e+06 5.22018511e+05
 2.56663219e+01 1.47549291e+06 5.52256932e+05
 3.08663196e+01 1.52593735e+06 5.82124290e+05
 3.71198370e+01 1.57089969e+06 6.11052389e+05
 4.46403173e+01 1.61299357e+06 6.38716424e+05
 5.36844471e+01 1.65489612e+06 6.65117127e+05
 6.45609180e+01 1.69802854e+06 6.90371500e+05
 7.76409622e+01 1.74462206e+06 7.15183776e+05
 9.33710239e+01 1.79772533e+06 7.40220225e+05
 1.12287997e+02 1.86027596e+06 7.66450879e+05
 1.35037549e+02 1.93419147e+06 7.94946951e+05
 1.62396161e+02 2.01801625e+06 8.26625203e+05
 1.95297629e+02 2.10907636e+06 8.62182518e+05
 2.34864935e+02 2.20566452e+06 9.03196251e+05
 2.82448579e+02 2.30525861e+06 9.51391386e+05
 3.39672671e+02 2.40412294e+06 1.00829667e+06
 4.08490366e+02 2.50020938e+06 1.07520866e+06
 4.91250528e+02 2.59265722e+06 1.15367381e+06
 5.90777902e+02 2.68202463e+06 1.24582314e+06
 7.10469526e+02 2.77044301e+06 1.35405050e+06
 8.54410677e+02 2.85958210e+06 1.47926026e+06
 1.02751431e+03 2.95126637e+06 1.62064225e+06
 1.23568874e+03 3.04897162e+06 1.77912168e+06
 1.48603933e+03 3.15608015e+06 1.95767747e+06
 1.78711095e+03 3.27722286e+06 2.16101406e+06
 2.14917969e+03 3.41705207e+06 2.39384662e+06
 2.58460357e+03 3.57838813e+06 2.65961743e+06
 3.10824434e+03 3.76572553e+06 2.96642052e+06
 3.73797475e+03 3.98596451e+06 3.32702026e+06
 4.49528857e+03 4.24680628e+06 3.75427832e+06
 5.40603419e+03 4.56049461e+06 4.26809888e+06
 6.50129690e+03 4.93773620e+06 4.88601951e+06
