 1.21000000e-04 4.51219101e+04 4.19467796e+04
 1.44233149e-04 4.96073476e+04 4.24868536e+04
 1.71927284e-04 5.49540316e+04 4.31306270e+04
 2.04938956e-04 6.13273298e+04 4.38980111e+04
 2.44289182e-04 6.84161893e+04 4.47013211e+04
 2.91195025e-04 7.57763678e+04 4.54789230e+04
 3.47107236e-04 8.31093757e+04 4.61905337e+04
 4.13755122e-04 9.01654245e+04 4.67872234e+04
 4.93200036e-04 9.68347390e+04 4.72180155e+04
 5.87899128e-04 1.03026930e+05 4.74823531e+04
 7.00781344e-04 1.08798866e+05 4.75851121e+04
 8.35338019e-04 1.14291583e+05 4.75517688e+04
 9.95730853e-04 1.19720364e+05 4.73778093e+04
 1.18692064e-03 1.25316067e+05 4.70654443e+04
 1.41482067e-03 1.31122315e+05 4.66240543e+04
 1.68647968e-03 1.37192031e+05 4.60870918e+04
 2.01029980e-03 1.43585559e+05 4.55055514e+04
 2.39629645e-03 1.50261097e+05 4.49552159e+04
 2.85640813e-03 1.57130923e+05 4.44911936e+04
 3.40486563e-03 1.64074781e+05 4.41571733e+04
 4.05863217e-03 1.71045277e+05 4.40025148e+04
 4.83792810e-03 1.78016141e+05 4.40833667e+04
 5.76685625e-03 1.84967721e+05 4.44242052e+04
 6.87414743e-03 1.91886167e+05 4.50308245e+04
 8.19404903e-03 1.98733758e+05 4.58930214e+04
 9.76738427e-03 2.05532463e+05 4.70133902e+04
 1.16428148e-02 2.12323089e+05 4.84097072e+04
 1.38783459e-02 2.19067803e+05 5.00978049e+04
 1.65431201e-02 2.25769168e+05 5.20894295e+04
 1.97195563e-02 2.32411844e+05 5.44229899e+04
 2.35058984e-02 2.38983664e+05 5.71436004e+04
 2.80192542e-02 2.45486096e+05 6.03110924e+04
 3.33992172e-02 2.51904202e+05 6.39890913e+04
 3.98121841e-02 2.58229003e+05 6.82371754e+04
 4.74565016e-02 2.64454789e+05 7.31120619e+04
 5.65686007e-02 2.70479667e+05 7.86802170e+04
 6.74303093e-02 2.76357673e+05 8.50300743e+04
 8.03775692e-02 2.82196623e+05 9.22694307e+04
 9.58108260e-02 2.88153319e+05 1.00435390e+05
 1.14207415e-01 2.94409592e+05 1.09564346e+05
 1.36136323e-01 3.01214789e+05 1.19673281e+05
 1.62275790e-01 3.08888763e+05 1.30759250e+05
 1.93434283e-01 3.17760488e+05 1.42794356e+05
 2.30575503e-01 3.28094790e+05 1.55668921e+05
 2.74848190e-01 3.40214531e+05 1.69194621e+05
 3.27621653e-01 3.54532662e+05 1.83392426e+05
 3.90528123e-01 3.71431857e+05 1.98365051e+05
 4.65513232e-01 3.91352227e+05 2.14261000e+05
 5.54896194e-01 4.14705669e+05 2.31099609e+05
 6.61441534e-01 4.41810289e+05 2.48806821e+05
 7.88444591e-01 4.72926889e+05 2.67232616e+05
 9.39833442e-01 5.07823156e+05 2.86220964e+05
 1.12029039e+00 5.46034896e+05 3.05435293e+05
 1.33539679e+00 5.87043350e+05 3.24388698e+05
 1.59180565e+00 6.30119479e+05 3.42428200e+05
 1.89744746e+00 6.74641390e+05 3.59295703e+05
 2.26177540e+00 7.19836742e+05 3.74899995e+05
 2.69605776e+00 7.64674850e+05 3.89217637e+05
 3.21372645e+00 8.09441239e+05 4.02298069e+05
 3.83079246e+00 8.54538809e+05 4.14151009e+05
 4.56634100e+00 9.00093676e+05 4.24851364e+05
 5.44312184e+00 9.46211225e+05 4.34680151e+05
 6.48825294e+00 9.92687256e+05 4.43711583e+05
 7.73405914e+00 1.03992897e+06 4.51942643e+05
 9.21907195e+00 1.08856316e+06 4.59415116e+05
 1.09892213e+01 1.13794467e+06 4.66122362e+05
 1.30992562e+01 1.18740945e+06 4.72039060e+05
 1.56144378e+01 1.23699449e+06 4.77158662e+05
 1.86125582e+01 1.28692488e+06 4.81436471e+05
 2.21863462e+01 1.33756704e+06 4.84940988e+05
 2.64463354e+01 1.38888737e+06 4.87864401e+05
 3.15242830e+01 1.44092265e+06 4.90533082e+05
 3.75772448e+01 1.49371058e+06 4.93393348e+05
 4.47924327e+01 1.54713323e+06 4.96924304e+05
 5.33930053e+01 1.60083419e+06 5.01725214e+05
 6.36449694e+01 1.65447619e+06 5.08517910e+05
 7.58654081e+01 1.70771336e+06 5.17545188e+05
 9.04322871e+01 1.76011515e+06 5.29044930e+05
 1.07796145e+02 1.81270865e+06 5.43297026e+05
 1.28494029e+02 1.86721190e+06 5.60699435e+05
 1.53166103e+02 1.92526665e+06 5.81915587e+05
 1.82575450e+02 1.98734607e+06 6.07532677e+05
 2.17631670e+02 2.05364174e+06 6.37896825e+05
 2.59419018e+02 2.12414054e+06 6.73572134e+05
 3.09229934e+02 2.19915062e+06 7.15296021e+05
 3.68605019e+02 2.27688172e+06 7.63775691e+05
 4.39380683e+02 2.35508625e+06 8.19665142e+05
 5.23745948e+02 2.43278625e+06 8.83238773e+05
 6.24310145e+02 2.51102468e+06 9.55467800e+05
 7.44183623e+02 2.59160961e+06 1.03787023e+06
 8.87073948e+02 2.67727022e+06 1.13232554e+06
 1.05740057e+03 2.77060587e+06 1.24034690e+06
 1.26043153e+03 2.87508084e+06 1.36339206e+06
 1.50244635e+03 2.99473538e+06 1.50312064e+06
 1.79093032e+03 3.13613309e+06 1.66307288e+06
 2.13480595e+03 3.30502175e+06 1.84722570e+06
 2.54470898e+03 3.50860267e+06 2.06042582e+06
 3.03331727e+03 3.75358501e+06 2.30708323e+06
 3.61574300e+03 4.04560629e+06 2.60110120e+06
 4.31000000e+03 4.39369842e+06 2.95157342e+06
