 3.57920887e-04 9.58506068e+02 4.74756839e+04
 4.25182083e-04 3.80582871e+03 5.80038310e+04
 5.05083135e-04 7.18822581e+03 7.05104482e+04
 5.99999348e-04 1.13970794e+04 8.52514926e+04
 7.12752404e-04 1.68011951e+04 1.02350206e+05
 8.46694234e-04 2.37750898e+04 1.21929807e+05
 1.00580668e-03 3.27647616e+04 1.44001665e+05
 1.19481984e-03 4.41322772e+04 1.68550641e+05
 1.41935273e-03 5.85160085e+04 1.95360277e+05
 1.68608028e-03 7.66918432e+04 2.23856266e+05
 2.00293180e-03 9.96735852e+04 2.53541597e+05
 2.37932667e-03 1.28749686e+05 2.84023806e+05
 2.82645441e-03 1.65027127e+05 3.14649807e+05
 3.35760727e-03 2.09637986e+05 3.44879055e+05
 3.98857542e-03 2.63677200e+05 3.74088617e+05
 4.73811634e-03 3.27419602e+05 4.01330674e+05
 5.62851246e-03 4.00741491e+05 4.26285371e+05
 6.68623357e-03 4.82171674e+05 4.48402814e+05
 7.94272370e-03 5.68814359e+05 4.66917279e+05
 9.43533593e-03 6.58325763e+05 4.81561830e+05
 1.12084428e-02 7.48035841e+05 4.91885477e+05
 1.33147553e-02 8.36017085e+05 4.97517123e+05
 1.58168903e-02 9.20899064e+05 4.99111378e+05
 1.87892314e-02 1.00158240e+06 4.96967665e+05
 2.23201406e-02 1.07855120e+06 4.91626917e+05
 2.65145852e-02 1.15362295e+06 4.83837273e+05
 3.14972581e-02 1.22772841e+06 4.74176867e+05
 3.74162847e-02 1.30177673e+06 4.63278795e+05
 4.44476263e-02 1.37523661e+06 4.51881067e+05
 5.28003115e-02 1.44687937e+06 4.40023062e+05
 6.27226497e-02 1.51510164e+06 4.27753053e+05
 7.45096131e-02 1.57943087e+06 4.15251163e+05
 8.85116059e-02 1.63938393e+06 4.02721262e+05
 1.05144881e-01 1.69457979e+06 3.90248290e+05
 1.24903913e-01 1.74475466e+06 3.78084748e+05
 1.48376101e-01 1.79036220e+06 3.66489612e+05
 1.76259230e-01 1.83251838e+06 3.55600181e+05
 2.09382210e-01 1.87283013e+06 3.45556162e+05
 2.48729726e-01 1.91030743e+06 3.36300542e+05
 2.95471504e-01 1.94492056e+06 3.27623508e+05
 3.50997089e-01 1.97714415e+06 3.19352810e+05
 4.16957151e-01 2.00787301e+06 3.11308041e+05
 4.95312557e-01 2.03813689e+06 3.03333132e+05
 5.88392665e-01 2.06812783e+06 2.95398321e+05
 6.98964569e-01 2.09797615e+06 2.87506073e+05
 8.30315362e-01 2.12774828e+06 2.79741079e+05
 9.86349855e-01 2.15621455e+06 2.72415414e+05
 1.17170666e+00 2.18278320e+06 2.65913572e+05
 1.39189607e+00 2.20696736e+06 2.60406710e+05
 1.65346391e+00 2.22856508e+06 2.55968468e+05
 1.96418609e+00 2.24802169e+06 2.52629246e+05
 2.33329980e+00 2.26594704e+06 2.50253100e+05
 2.77177808e+00 2.28313397e+06 2.48668559e+05
 3.29265606e+00 2.30057307e+06 2.47630825e+05
 3.91141844e+00 2.31853591e+06 2.46804421e+05
 4.64645987e+00 2.33750603e+06 2.46042514e+05
 5.51963173e+00 2.35791709e+06 2.45212841e+05
 6.55689176e+00 2.38011575e+06 2.44168374e+05
 7.78907573e+00 2.40431473e+06 2.42999510e+05
 9.25281413e+00 2.43058028e+06 2.42018620e+05
 1.09916211e+01 2.45796546e+06 2.41671883e+05
 1.30571881e+01 2.48549557e+06 2.42436737e+05
 1.55109206e+01 2.51203145e+06 2.44731176e+05
 1.84257632e+01 2.53654520e+06 2.49033276e+05
 2.18883688e+01 2.55996282e+06 2.55837006e+05
 2.60016740e+01 2.58375332e+06 2.65258172e+05
 3.08879596e+01 2.60954361e+06 2.77116103e+05
 3.66924856e+01 2.63780826e+06 2.91093027e+05
 4.35878095e+01 2.66823563e+06 3.07035038e+05
 5.17789162e+01 2.70014980e+06 3.25009111e+05
 6.15093118e+01 2.73301855e+06 3.45038286e+05
 7.30682623e+01 2.76469221e+06 3.67237676e+05
 8.67993936e+01 2.79282788e+06 3.92163339e+05
 1.03110906e+02 2.81620979e+06 4.20771907e+05
 1.22487710e+02 2.83550583e+06 4.54140701e+05
 1.45505841e+02 2.85228023e+06 4.93364868e+05
 1.72849584e+02 2.86878881e+06 5.39758307e+05
 2.05331817e+02 2.88744687e+06 5.95116534e+05
 2.43918175e+02 2.91034554e+06 6.60659564e+05
 2.89755757e+02 2.93858776e+06 7.37438654e+05
 3.44207228e+02 2.97160453e+06 8.26165045e+05
 4.08891325e+02 3.00822853e+06 9.27137053e+05
 4.85730986e+02 3.04766320e+06 1.04000773e+06
 5.77010506e+02 3.08910434e+06 1.16319613e+06
 6.85443453e+02 3.13209036e+06 1.29415703e+06
 8.14253332e+02 3.17886958e+06 1.43287735e+06
 9.67269416e+02 3.23395345e+06 1.57925025e+06
 1.14904058e+03 3.30286694e+06 1.73330113e+06
 1.36497054e+03 3.38952976e+06 1.89632236e+06
 1.62147849e+03 3.49705442e+06 2.07062819e+06
 1.92618991e+03 3.62740460e+06 2.26079152e+06
 2.28816330e+03 3.78111149e+06 2.47307127e+06
 2.71815943e+03 3.95547318e+06 2.71094132e+06
 3.22896129e+03 4.14645408e+06 2.98124293e+06
 3.83575403e+03 4.35341924e+06 3.29285214e+06
 4.55657646e+03 4.57879530e+06 3.65571051e+06
 5.41285725e+03 4.82279537e+06 4.08030234e+06
 6.43005201e+03 5.11264841e+06 4.58468429e+06
 7.63840000e+03 5.45697121e+06 5.18385069e+06
