 1.51000000e-02 6.98337894e+01 2.48475968e+03
 1.71618659e-02 9.97410624e+01 2.79828899e+03
 1.95052743e-02 1.33732096e+02 3.15462991e+03
 2.21686689e-02 1.72364517e+02 3.55962826e+03
 2.51957433e-02 2.19161728e+02 4.01979471e+03
 2.86361568e-02 2.80465768e+02 4.53958966e+03
 3.25463498e-02 3.61289332e+02 5.12921137e+03
 3.69904696e-02 4.65978193e+02 5.79524157e+03
 4.20414225e-02 5.98155159e+02 6.54628015e+03
 4.77820699e-02 7.65221379e+02 7.39931646e+03
 5.43065878e-02 9.74944146e+02 8.36964281e+03
 6.17220117e-02 1.23120198e+03 9.46143852e+03
 7.01499926e-02 1.53510471e+03 1.06915089e+04
 7.97287925e-02 1.89847930e+03 1.20549820e+04
 9.06155526e-02 2.34557462e+03 1.35647911e+04
 1.02988872e-01 2.90823293e+03 1.52422192e+04
 1.17051735e-01 3.60947717e+03 1.70499358e+04
 1.33034847e-01 4.45820748e+03 1.89750576e+04
 1.51200411e-01 5.49880923e+03 2.10137710e+04
 1.71846435e-01 6.76261272e+03 2.31530874e+04
 1.95311621e-01 8.30340487e+03 2.53648807e+04
 2.21980917e-01 1.01024103e+04 2.75904105e+04
 2.52291837e-01 1.21736989e+04 2.97723215e+04
 2.86741634e-01 1.45066574e+04 3.19188378e+04
 3.25895461e-01 1.71533823e+04 3.39990903e+04
 3.70395642e-01 2.00796691e+04 3.59787991e+04
 4.20972208e-01 2.32781152e+04 3.78106681e+04
 4.78454873e-01 2.66400029e+04 3.95101642e+04
 5.43786647e-01 3.02179844e+04 4.10944509e+04
 6.18039306e-01 3.39258015e+04 4.25516342e+04
 7.02430973e-01 3.77543142e+04 4.38758097e+04
 7.98346103e-01 4.16448011e+04 4.50965523e+04
 9.07358197e-01 4.55813774e+04 4.62358518e+04
 1.03125561e+00 4.95340757e+04 4.73026910e+04
 1.17207089e+00 5.35272462e+04 4.82959814e+04
 1.33211414e+00 5.74937119e+04 4.92343841e+04
 1.51401087e+00 6.14793340e+04 5.01385228e+04
 1.72074514e+00 6.54684476e+04 5.09776002e+04
 1.95570843e+00 6.94043474e+04 5.16816710e+04
 2.22275535e+00 7.33041974e+04 5.22298994e+04
 2.52626684e+00 7.71835842e+04 5.26451004e+04
 2.87122204e+00 8.10518573e+04 5.29406175e+04
 3.26327997e+00 8.48756594e+04 5.31237449e+04
 3.70887240e+00 8.87232891e+04 5.32062591e+04
 4.21530932e+00 9.25341984e+04 5.32312656e+04
 4.79089890e+00 9.62974154e+04 5.32515036e+04
 5.44508374e+00 9.99821107e+04 5.32809870e+04
 6.18859582e+00 1.03559041e+05 5.33139270e+04
 7.03363256e+00 1.07097555e+05 5.33498061e+04
 7.99405687e+00 1.10653865e+05 5.33892936e+04
 9.08562463e+00 1.14025827e+05 5.34403434e+04
 1.03262432e+01 1.17438766e+05 5.35352593e+04
 1.17362649e+01 1.21124002e+05 5.37151259e+04
 1.33388215e+01 1.25039552e+05 5.40306765e+04
 1.51602030e+01 1.29112154e+05 5.45192221e+04
 1.72302895e+01 1.33168907e+05 5.52043225e+04
 1.95830409e+01 1.37139087e+05 5.61100531e+04
 2.22570545e+01 1.41143837e+05 5.72566050e+04
 2.52961976e+01 1.44968665e+05 5.86277283e+04
 2.87503279e+01 1.48380081e+05 6.01964113e+04
 3.26761107e+01 1.51493732e+05 6.19245756e+04
 3.71379490e+01 1.54466832e+05 6.37897571e+04
 4.22090398e+01 1.57500987e+05 6.57916558e+04
 4.79725749e+01 1.60685536e+05 6.79304527e+04
 5.45231058e+01 1.64022098e+05 7.02105561e+04
 6.19680947e+01 1.67502515e+05 7.26744537e+04
 7.04296775e+01 1.71106226e+05 7.53729716e+04
 8.00466676e+01 1.74806762e+05 7.83662727e+04
 9.09768328e+01 1.78599366e+05 8.17086357e+04
 1.03399484e+02 1.82487817e+05 8.54476304e+04
 1.17518416e+02 1.86514340e+05 8.96227221e+04
 1.33565251e+02 1.90812872e+05 9.42600409e+04
 1.51803240e+02 1.95544664e+05 9.93980178e+04
 1.72531579e+02 2.00862307e+05 1.05101927e+05
 1.96090320e+02 2.06770812e+05 1.11338844e+05
 2.22865945e+02 2.13226377e+05 1.18035050e+05
 2.53297713e+02 2.20110657e+05 1.25211077e+05
 2.87884860e+02 2.27259351e+05 1.32977975e+05
 3.27194792e+02 2.34677969e+05 1.41522524e+05
 3.71872394e+02 2.42345813e+05 1.50994301e+05
 4.22650606e+02 2.50225858e+05 1.61361462e+05
 4.80362452e+02 2.58333853e+05 1.72961391e+05
 5.45954701e+02 2.66683245e+05 1.86308236e+05
 6.20503402e+02 2.75443065e+05 2.01538768e+05
 7.05231534e+02 2.84868846e+05 2.18595194e+05
 8.01529074e+02 2.94794400e+05 2.37339558e+05
 9.10975794e+02 3.05157518e+05 2.57677315e+05
 1.03536718e+03 3.16121102e+05 2.79972441e+05
 1.17674389e+03 3.27863033e+05 3.04208015e+05
 1.33742522e+03 3.40553801e+05 3.30165451e+05
 1.52004717e+03 3.54185301e+05 3.58133161e+05
 1.72760567e+03 3.68498966e+05 3.88596446e+05
 1.96350575e+03 3.83398428e+05 4.22117767e+05
 2.23161738e+03 3.98605992e+05 4.59305348e+05
 2.53633896e+03 4.13672298e+05 5.00506798e+05
 2.88266947e+03 4.28471846e+05 5.46393399e+05
 3.27629052e+03 4.42977949e+05 5.97859985e+05
 3.72365951e+03 4.57007413e+05 6.55699032e+05
 4.23211558e+03 4.72952565e+05 7.21435852e+05
 4.81000000e+03 4.91074986e+05 7.96148865e+05
