 2.66400000e-03 3.50994116e+01 6.94658018e+02
 2.80679019e-03 4.35677584e+01 7.41839660e+02
 2.95723392e-03 5.24900079e+01 7.91550235e+02
 3.11574142e-03 6.18904892e+01 8.43925292e+02
 3.28274491e-03 7.17936510e+01 8.98690106e+02
 3.45869978e-03 8.20320567e+01 9.55954738e+02
 3.64408581e-03 9.26956162e+01 1.01522631e+03
 3.83940852e-03 1.03908941e+02 1.07587926e+03
 4.04520052e-03 1.15804866e+02 1.13723762e+03
 4.26202294e-03 1.28361569e+02 1.19869376e+03
 4.49046703e-03 1.41809912e+02 1.25959815e+03
 4.73115571e-03 1.57438321e+02 1.31913079e+03
 4.98474528e-03 1.75043737e+02 1.37629791e+03
 5.25192723e-03 1.94020996e+02 1.43356804e+03
 5.53343011e-03 2.13755370e+02 1.49381235e+03
 5.83002152e-03 2.33856162e+02 1.55790263e+03
 6.14251022e-03 2.53619034e+02 1.62677363e+03
 6.47174827e-03 2.72217958e+02 1.70142550e+03
 6.81863347e-03 2.88037311e+02 1.78292649e+03
 7.18411168e-03 3.02232866e+02 1.87241574e+03
 7.56917949e-03 3.15963114e+02 1.96525865e+03
 7.97488691e-03 3.29933842e+02 2.05635747e+03
 8.40234022e-03 3.44739334e+02 2.14722667e+03
 8.85270498e-03 3.61087876e+02 2.24188679e+03
 9.32720927e-03 3.79771916e+02 2.34072642e+03
 9.82714694e-03 4.01653796e+02 2.44415819e+03
 1.03538812e-02 4.26159468e+02 2.55261969e+03
 1.09088484e-02 4.53065346e+02 2.66954124e+03
 1.14935619e-02 4.82632869e+02 2.79855791e+03
 1.21096159e-02 5.15015380e+02 2.93648887e+03
 1.27586903e-02 5.50129642e+02 3.07430223e+03
 1.34425551e-02 5.87680802e+02 3.21801247e+03
 1.41630750e-02 6.27331120e+02 3.37318219e+03
 1.49222147e-02 6.68698683e+02 3.54202946e+03
 1.57220442e-02 7.11356018e+02 3.72696067e+03
 1.65647445e-02 7.54882648e+02 3.93057781e+03
 1.74526135e-02 7.98889724e+02 4.15795573e+03
 1.83880722e-02 8.43282487e+02 4.41784822e+03
 1.93736714e-02 8.88335403e+02 4.69913917e+03
 2.04120986e-02 9.34360884e+02 4.99227434e+03
 2.15061855e-02 9.82214559e+02 5.29563532e+03
 2.26589153e-02 1.03244820e+03 5.60429747e+03
 2.38734314e-02 1.08566499e+03 5.91280109e+03
 2.51530454e-02 1.14252140e+03 6.21513252e+03
 2.65012467e-02 1.20357978e+03 6.50470384e+03
 2.79217114e-02 1.26923835e+03 6.78311805e+03
 2.94183129e-02 1.33990876e+03 7.05044304e+03
 3.09951321e-02 1.41481368e+03 7.30232377e+03
 3.26564687e-02 1.49499266e+03 7.54156039e+03
 3.44068529e-02 1.58218964e+03 7.80482197e+03
 3.62510574e-02 1.67832500e+03 8.09983134e+03
 3.81941112e-02 1.78550988e+03 8.43489897e+03
 4.02413126e-02 1.90605335e+03 8.81894636e+03
 4.23982437e-02 2.04247802e+03 9.26153107e+03
 4.46707862e-02 2.19824637e+03 9.77214638e+03
 4.70651368e-02 2.37424166e+03 1.03564256e+04
 4.95878244e-02 2.56921166e+03 1.09403750e+04
 5.22457278e-02 2.78037073e+03 1.15214423e+04
 5.50460947e-02 3.00455783e+03 1.20970259e+04
 5.79965610e-02 3.24257239e+03 1.26606960e+04
 6.11051721e-02 3.49532043e+03 1.32027883e+04
 6.43804044e-02 3.76381878e+03 1.37127888e+04
 6.78311890e-02 4.05057193e+03 1.41792986e+04
 7.14669353e-02 4.36091148e+03 1.46418009e+04
 7.52975574e-02 4.70384658e+03 1.51006359e+04
 7.93335005e-02 5.08488670e+03 1.55563509e+04
 8.35857698e-02 5.49272423e+03 1.60187107e+04
 8.80659604e-02 5.92153905e+03 1.65051494e+04
 9.27862889e-02 6.36800602e+03 1.70370230e+04
 9.77596266e-02 6.82843895e+03 1.76422729e+04
 1.02999535e-01 7.29774236e+03 1.83417481e+04
 1.08520302e-01 7.76844492e+03 1.91475180e+04
 1.14336981e-01 8.24278435e+03 2.00724630e+04
 1.20465434e-01 8.74582876e+03 2.11249380e+04
 1.26922372e-01 9.28912804e+03 2.23098130e+04
 1.33725401e-01 9.87851839e+03 2.36271467e+04
 1.40893072e-01 1.05201641e+04 2.50456701e+04
 1.48444929e-01 1.12169096e+04 2.65280043e+04
 1.56401566e-01 1.19715981e+04 2.80386400e+04
 1.64784677e-01 1.27808902e+04 2.95380230e+04
 1.73617123e-01 1.36312030e+04 3.09824150e+04
 1.82922987e-01 1.45162988e+04 3.23237450e+04
 1.92727644e-01 1.54296171e+04 3.35123651e+04
 2.03057831e-01 1.63686297e+04 3.45491858e+04
 2.13941714e-01 1.73396621e+04 3.54554702e+04
 2.25408973e-01 1.83513647e+04 3.62535644e+04
 2.37490876e-01 1.94102372e+04 3.69581792e+04
 2.50220368e-01 2.05248154e+04 3.75858229e+04
 2.63632160e-01 2.17030066e+04 3.81548512e+04
 2.77762823e-01 2.29539852e+04 3.86855216e+04
 2.92650888e-01 2.42819096e+04 3.91709997e+04
 3.08336953e-01 2.56879467e+04 3.95923366e+04
 3.24863789e-01 2.71712262e+04 3.99337449e+04
 3.42276462e-01 2.87342409e+04 4.02034836e+04
 3.60622453e-01 3.03778345e+04 4.04111518e+04
 3.79951788e-01 3.21052585e+04 4.05677235e+04
 4.00317174e-01 3.39236293e+04 4.06855858e+04
 4.21774142e-01 3.58400768e+04 4.07742072e+04
 4.44381203e-01 3.78592458e+04 4.08675787e+04
 4.68200000e-01 3.99866421e+04 4.09659549e+04
