 8.54100000e-04 6.28286586e+01 6.31526689e+02
 9.38040554e-04 7.71110058e+01 6.82247773e+02
 1.03023075e-03 9.27970154e+01 7.37953701e+02
 1.13148135e-03 1.10024639e+02 7.99134383e+02
 1.24268281e-03 1.29236256e+02 8.66735657e+02
 1.36481311e-03 1.50791558e+02 9.41973120e+02
 1.49894631e-03 1.75623587e+02 1.02549426e+03
 1.64626206e-03 2.04556584e+02 1.11977207e+03
 1.80805594e-03 2.37853144e+02 1.22120463e+03
 1.98575084e-03 2.74976951e+02 1.32932473e+03
 2.18090951e-03 3.16002770e+02 1.44470567e+03
 2.39524829e-03 3.62483423e+02 1.56856925e+03
 2.63065219e-03 4.15656844e+02 1.70051098e+03
 2.88919147e-03 4.74425767e+02 1.83839280e+03
 3.17313988e-03 5.38357096e+02 1.97799102e+03
 3.48499460e-03 6.08668924e+02 2.12567970e+03
 3.82749826e-03 6.87608997e+02 2.28331362e+03
 4.20366302e-03 7.75235060e+02 2.44835990e+03
 4.61679708e-03 8.69323743e+02 2.61746994e+03
 5.07053377e-03 9.68486011e+02 2.79320331e+03
 5.56886349e-03 1.07589341e+03 2.97981621e+03
 6.11616882e-03 1.19298423e+03 3.18401944e+03
 6.71726307e-03 1.31674764e+03 3.39712430e+03
 7.37743259e-03 1.44266072e+03 3.61530452e+03
 8.10248325e-03 1.57221518e+03 3.84066943e+03
 8.89879157e-03 1.70911212e+03 4.08480242e+03
 9.77336070e-03 1.85741047e+03 4.34786377e+03
 1.07338821e-02 2.01115655e+03 4.63059422e+03
 1.17888030e-02 2.16743202e+03 4.92579130e+03
 1.29474012e-02 2.32979499e+03 5.24550376e+03
 1.42198658e-02 2.50787421e+03 5.59859352e+03
 1.56173876e-02 2.70026092e+03 5.99074253e+03
 1.71522573e-02 2.90414816e+03 6.40406587e+03
 1.88379732e-02 3.11508022e+03 6.84241513e+03
 2.06893605e-02 3.33927721e+03 7.31300064e+03
 2.27227013e-02 3.58137607e+03 7.83185311e+03
 2.49558779e-02 3.84718630e+03 8.39461239e+03
 2.74085301e-02 4.12626733e+03 8.99548718e+03
 3.01022278e-02 4.42623554e+03 9.62980799e+03
 3.30606608e-02 4.75077773e+03 1.03138501e+04
 3.63098473e-02 5.10541058e+03 1.10477983e+04
 3.98783623e-02 5.48983345e+03 1.18185067e+04
 4.37975894e-02 5.90996157e+03 1.26049074e+04
 4.81019962e-02 6.36361084e+03 1.34174143e+04
 5.28294382e-02 6.85809568e+03 1.42656682e+04
 5.80214910e-02 7.39997017e+03 1.51642948e+04
 6.37238164e-02 7.99184520e+03 1.61158398e+04
 6.99865636e-02 8.64013314e+03 1.71257635e+04
 7.68648108e-02 9.35350611e+03 1.82106038e+04
 8.44190489e-02 1.01398194e+04 1.93896729e+04
 9.27157141e-02 1.10100217e+04 2.06618898e+04
 1.01827772e-01 1.19639435e+04 2.20399853e+04
 1.11835358e-01 1.29983974e+04 2.35135472e+04
 1.22826485e-01 1.41448864e+04 2.50774094e+04
 1.34897816e-01 1.54166580e+04 2.67222794e+04
 1.48155511e-01 1.68153490e+04 2.84338856e+04
 1.62716166e-01 1.83348553e+04 3.01890535e+04
 1.78707836e-01 1.99864851e+04 3.19592483e+04
 1.96271159e-01 2.18406734e+04 3.36952751e+04
 2.15560598e-01 2.38986030e+04 3.53761770e+04
 2.36745794e-01 2.61373465e+04 3.69799361e+04
 2.60013062e-01 2.85609852e+04 3.84818835e+04
 2.85567025e-01 3.12468199e+04 3.98615119e+04
 3.13632421e-01 3.41585619e+04 4.11282736e+04
 3.44456070e-01 3.72841304e+04 4.22931540e+04
 3.78309054e-01 4.05459443e+04 4.33834879e+04
 4.15489093e-01 4.39301827e+04 4.44204588e+04
 4.56323169e-01 4.73833049e+04 4.54305221e+04
 5.01170400e-01 5.08829059e+04 4.64456739e+04
 5.50425195e-01 5.42914020e+04 4.74760465e+04
 6.04520729e-01 5.76474146e+04 4.85027624e+04
 6.63932748e-01 6.08600734e+04 4.95099230e+04
 7.29183752e-01 6.39104893e+04 5.04681908e+04
 8.00847594e-01 6.68206891e+04 5.13377884e+04
 8.79554526e-01 6.96891559e+04 5.20725987e+04
 9.65996739e-01 7.24628590e+04 5.26194382e+04
 1.06093445e+00 7.51746244e+04 5.29798825e+04
 1.16520260e+00 7.78429744e+04 5.31693796e+04
 1.27971817e+00 8.05877988e+04 5.32042192e+04
 1.40548829e+00 8.34666986e+04 5.31048905e+04
 1.54361903e+00 8.64149916e+04 5.28973970e+04
 1.69532519e+00 8.93189966e+04 5.26137066e+04
 1.86194097e+00 9.21993555e+04 5.22927331e+04
 2.04493167e+00 9.51169378e+04 5.19415763e+04
 2.24590661e+00 9.81118623e+04 5.15722254e+04
 2.46663327e+00 1.01126017e+05 5.11997731e+04
 2.70905285e+00 1.04071583e+05 5.08426128e+04
 2.97529732e+00 1.07091378e+05 5.05226580e+04
 3.26770816e+00 1.10264569e+05 5.02654703e+04
 3.58885701e+00 1.13656245e+05 5.01000877e+04
 3.94156822e+00 1.17152606e+05 5.00489092e+04
 4.32894373e+00 1.20617034e+05 5.01095407e+04
 4.75439032e+00 1.24081950e+05 5.02770580e+04
 5.22164960e+00 1.27599658e+05 5.05411380e+04
 5.73483092e+00 1.31066653e+05 5.08914038e+04
 6.29844745e+00 1.34499119e+05 5.13143633e+04
 6.91745596e+00 1.37909553e+05 5.17935357e+04
 7.59730034e+00 1.41403061e+05 5.23159182e+04
 8.34395951e+00 1.45239908e+05 5.28896404e+04
 9.16400000e+00 1.49453839e+05 5.35197476e+04
