 3.18400000e-04 2.67796591e+01 1.66683580e+03
 3.65335538e-04 9.94357607e+01 1.88368943e+03
 4.19189873e-04 1.82802143e+02 2.13250959e+03
 4.80982908e-04 2.78457614e+02 2.41800848e+03
 5.51884892e-04 3.90082018e+02 2.73655507e+03
 6.33238581e-04 5.21589473e+02 3.08691394e+03
 7.26584666e-04 6.77697146e+02 3.46947069e+03
 8.33690955e-04 8.64139565e+02 3.88436740e+03
 9.56585848e-04 1.08669615e+03 4.33397648e+03
 1.09759675e-03 1.35358916e+03 4.82773517e+03
 1.25939416e-03 1.67496533e+03 5.36710338e+03
 1.44504222e-03 2.06167366e+03 5.95168283e+03
 1.65805678e-03 2.52048221e+03 6.57945219e+03
 1.90247194e-03 3.05820602e+03 7.24623153e+03
 2.18291649e-03 3.68165545e+03 7.94589381e+03
 2.50470154e-03 4.39232012e+03 8.66231455e+03
 2.87392112e-03 5.18432292e+03 9.36754594e+03
 3.29756759e-03 6.04618469e+03 1.00557316e+04
 3.78366404e-03 6.96190570e+03 1.07245603e+04
 4.34141626e-03 7.91791222e+03 1.13702559e+04
 4.98138708e-03 8.89632891e+03 1.19899329e+04
 5.71569639e-03 9.87430551e+03 1.25802702e+04
 6.55825068e-03 1.08389423e+04 1.31493457e+04
 7.52500642e-03 1.17818663e+04 1.37128074e+04
 8.63427221e-03 1.27046206e+04 1.42929966e+04
 9.90705554e-03 1.36200874e+04 1.49027640e+04
 1.13674606e-02 1.45518388e+04 1.55539258e+04
 1.30431450e-02 1.55316137e+04 1.62599766e+04
 1.49658429e-02 1.65993009e+04 1.70325170e+04
 1.71719669e-02 1.78014416e+04 1.78853138e+04
 1.97032971e-02 1.91603316e+04 1.88399541e+04
 2.26077721e-02 2.06781438e+04 1.98637659e+04
 2.59403976e-02 2.23592465e+04 2.09491966e+04
 2.97642875e-02 2.41851179e+04 2.20998754e+04
 3.41518592e-02 2.61178576e+04 2.33106933e+04
 3.91862056e-02 2.81175181e+04 2.45957646e+04
 4.49626681e-02 3.01327493e+04 2.59707418e+04
 5.15906425e-02 3.21739076e+04 2.74191006e+04
 5.91956506e-02 3.42753607e+04 2.89513280e+04
 6.79217175e-02 3.64397075e+04 3.05705342e+04
 7.79340994e-02 3.87057072e+04 3.22813241e+04
 8.94224125e-02 4.11486301e+04 3.41135548e+04
 1.02604225e-01 4.38320517e+04 3.60364294e+04
 1.17729176e-01 4.68136621e+04 3.79954380e+04
 1.35083706e-01 5.01260214e+04 3.99608058e+04
 1.54996478e-01 5.37826975e+04 4.19044676e+04
 1.77844603e-01 5.78029506e+04 4.37772006e+04
 2.04060784e-01 6.21547609e+04 4.54947493e+04
 2.34141509e-01 6.67902948e+04 4.69486504e+04
 2.68656452e-01 7.16748082e+04 4.81435074e+04
 3.08259263e-01 7.67434668e+04 4.90964027e+04
 3.53699950e-01 8.18819244e+04 4.98179136e+04
 4.05839075e-01 8.69984833e+04 5.03201366e+04
 4.65664061e-01 9.20105879e+04 5.06064427e+04
 5.34307884e-01 9.69031575e+04 5.07365255e+04
 6.13070535e-01 1.01624528e+05 5.07766679e+04
 7.03443637e-01 1.06095923e+05 5.07188312e+04
 8.07138693e-01 1.10330294e+05 5.05596049e+04
 9.26119500e-01 1.14404533e+05 5.03103105e+04
 1.06263934e+00 1.18294502e+05 5.00008780e+04
 1.21928365e+00 1.22052289e+05 4.96833823e+04
 1.39901900e+00 1.25704618e+05 4.93779631e+04
 1.60524925e+00 1.29279720e+05 4.91018776e+04
 1.84188002e+00 1.32847039e+05 4.88722599e+04
 2.11339268e+00 1.36385485e+05 4.87092985e+04
 2.42492918e+00 1.39845247e+05 4.86311888e+04
 2.78238947e+00 1.43372968e+05 4.86192319e+04
 3.19254320e+00 1.46933256e+05 4.86449881e+04
 3.66315794e+00 1.50427997e+05 4.86765645e+04
 4.20314629e+00 1.53863660e+05 4.86938553e+04
 4.82273465e+00 1.57274836e+05 4.86778437e+04
 5.53365691e+00 1.60757533e+05 4.86125738e+04
 6.34937665e+00 1.64234679e+05 4.84896195e+04
 7.28534214e+00 1.67523022e+05 4.83449018e+04
 8.35927887e+00 1.70753982e+05 4.82298766e+04
 9.59152526e+00 1.73996426e+05 4.82045953e+04
 1.10054179e+01 1.77227925e+05 4.83260041e+04
 1.26277332e+01 1.80261318e+05 4.86395182e+04
 1.44891951e+01 1.82831637e+05 4.91812614e+04
 1.66250562e+01 1.85349847e+05 4.99869122e+04
 1.90757658e+01 1.88115249e+05 5.10727078e+04
 2.18877361e+01 1.90803145e+05 5.24271743e+04
 2.51142207e+01 1.93396817e+05 5.40274672e+04
 2.88163233e+01 1.96041715e+05 5.58391952e+04
 3.30641551e+01 1.98877271e+05 5.78529092e+04
 3.79381623e+01 2.02146343e+05 6.00744139e+04
 4.35306500e+01 2.05360390e+05 6.25110484e+04
 4.99475297e+01 2.08306624e+05 6.52024130e+04
 5.73103255e+01 2.11249604e+05 6.82450104e+04
 6.57584756e+01 2.14393454e+05 7.17595703e+04
 7.54519726e+01 2.17562743e+05 7.58535968e+04
 8.65743939e+01 2.20945510e+05 8.05712700e+04
 9.93363781e+01 2.24756319e+05 8.59303364e+04
 1.13979614e+02 2.29166855e+05 9.19345689e+04
 1.30781419e+02 2.34330429e+05 9.85441016e+04
 1.50059988e+02 2.40748619e+05 1.05772139e+05
 1.72180422e+02 2.48678153e+05 1.13633724e+05
 1.97561643e+02 2.58154925e+05 1.22148298e+05
 2.26684325e+02 2.69028674e+05 1.31918010e+05
 2.60100000e+02 2.81505329e+05 1.43127881e+05
