 1.04142910e-04 3.58422455e+01 3.10296311e+03
 1.24377817e-04 1.66691496e+02 3.62180563e+03
 1.48544356e-04 3.22964681e+02 4.24145894e+03
 1.77406439e-04 5.17137465e+02 4.98258937e+03
 2.11876408e-04 7.61952396e+02 5.85669605e+03
 2.53043872e-04 1.07161686e+03 6.87735723e+03
 3.02210151e-04 1.46972207e+03 8.05546723e+03
 3.60929409e-04 1.97482282e+03 9.40725673e+03
 4.31057786e-04 2.61728043e+03 1.09427933e+04
 5.14812066e-04 3.43220593e+03 1.26340736e+04
 6.14839754e-04 4.44817029e+03 1.44723597e+04
 7.34302765e-04 5.70686981e+03 1.64512489e+04
 8.76977370e-04 7.26208512e+03 1.85549193e+04
 1.04737357e-03 9.14341733e+03 2.07646411e+04
 1.25087765e-03 1.13947443e+04 2.30019730e+04
 1.49392246e-03 1.40233703e+04 2.51893926e+04
 1.78419073e-03 1.69999713e+04 2.73327894e+04
 2.13085797e-03 2.03390169e+04 2.93363288e+04
 2.54488245e-03 2.40271404e+04 3.11712728e+04
 3.03935164e-03 2.79597951e+04 3.27754884e+04
 3.62989592e-03 3.21017172e+04 3.40770134e+04
 4.33518261e-03 3.63884871e+04 3.51115047e+04
 5.17750610e-03 4.07549685e+04 3.59190709e+04
 6.18349255e-03 4.52677432e+04 3.64698263e+04
 7.38494160e-03 4.98690994e+04 3.68412852e+04
 8.81983151e-03 5.44707519e+04 3.70355143e+04
 1.05335197e-02 5.91529395e+04 3.70937382e+04
 1.25801765e-02 6.37705669e+04 3.71064214e+04
 1.50244976e-02 6.83470736e+04 3.70630017e+04
 1.79437488e-02 7.28669236e+04 3.69668502e+04
 2.14302089e-02 7.71723824e+04 3.68864699e+04
 2.55940862e-02 8.12441731e+04 3.68220785e+04
 3.05670024e-02 8.51489729e+04 3.67453013e+04
 3.65061534e-02 8.88654057e+04 3.66698101e+04
 4.35992780e-02 9.25580445e+04 3.65519262e+04
 5.20705927e-02 9.61578330e+04 3.64684348e+04
 6.21878789e-02 9.98418628e+04 3.64224984e+04
 7.42709480e-02 1.03618348e+05 3.62749859e+04
 8.87017505e-02 1.07444741e+05 3.60098359e+04
 1.05936450e-01 1.11170331e+05 3.56227840e+04
 1.26519841e-01 1.14857669e+05 3.51706426e+04
 1.51102573e-01 1.18696097e+05 3.46571300e+04
 1.80461716e-01 1.22555322e+05 3.39778568e+04
 2.15525324e-01 1.26370886e+05 3.31730939e+04
 2.57401770e-01 1.29993064e+05 3.23535208e+04
 3.07414786e-01 1.33496087e+05 3.16028761e+04
 3.67145303e-01 1.37320572e+05 3.09837337e+04
 4.38481424e-01 1.41029909e+05 3.03817197e+04
 5.23678113e-01 1.44374265e+05 2.98388816e+04
 6.25428469e-01 1.47644611e+05 2.94006405e+04
 7.46948861e-01 1.50651247e+05 2.90093059e+04
 8.92080595e-01 1.53902655e+05 2.86962477e+04
 1.06541134e+00 1.57334362e+05 2.83923863e+04
 1.27242015e+00 1.60469590e+05 2.80461864e+04
 1.51965066e+00 1.63786411e+05 2.77618805e+04
 1.81491791e+00 1.67218092e+05 2.75247448e+04
 2.16755541e+00 1.70706469e+05 2.73591888e+04
 2.58871018e+00 1.74262940e+05 2.72900150e+04
 3.09169508e+00 1.77535281e+05 2.72547935e+04
 3.69240966e+00 1.80723150e+05 2.73272593e+04
 4.40984273e+00 1.83981258e+05 2.75596578e+04
 5.26667264e+00 1.87206764e+05 2.78936345e+04
 6.28998410e+00 1.90410743e+05 2.83928615e+04
 7.51212440e+00 1.93524554e+05 2.91100588e+04
 8.97172585e+00 1.96516627e+05 2.99911545e+04
 1.07149270e+01 1.99941138e+05 3.10935424e+04
 1.27968312e+01 2.03271501e+05 3.24709043e+04
 1.52832481e+01 2.06258998e+05 3.41339599e+04
 1.82527744e+01 2.08807069e+05 3.61273896e+04
 2.17992780e+01 2.10935273e+05 3.83576885e+04
 2.60348652e+01 2.12781004e+05 4.06319393e+04
 3.10934245e+01 2.14336826e+05 4.32275142e+04
 3.71348591e+01 2.15275107e+05 4.61502321e+04
 4.43501408e+01 2.16529201e+05 4.92590425e+04
 5.29673477e+01 2.18503199e+05 5.26415683e+04
 6.32588729e+01 2.21370474e+05 5.63635211e+04
 7.55500355e+01 2.25183442e+05 6.06644425e+04
 9.02293640e+01 2.29888109e+05 6.58848619e+04
 1.07760878e+02 2.35457579e+05 7.19099640e+04
 1.28698754e+02 2.41545869e+05 7.88919886e+04
 1.53704848e+02 2.47852878e+05 8.72283728e+04
 1.83569612e+02 2.54436445e+05 9.72114999e+04
 2.19237082e+02 2.61391525e+05 1.09036427e+05
 2.61834720e+02 2.68720029e+05 1.22759764e+05
 3.12709056e+02 2.76363743e+05 1.38404227e+05
 3.73468246e+02 2.84526641e+05 1.56239802e+05
 4.46032911e+02 2.93686390e+05 1.76581395e+05
 5.32696849e+02 3.03357172e+05 1.99432163e+05
 6.36199541e+02 3.12784173e+05 2.24490953e+05
 7.59812746e+02 3.21620778e+05 2.51852120e+05
 9.07443926e+02 3.30245686e+05 2.82124475e+05
 1.08375976e+03 3.39230477e+05 3.16160839e+05
 1.29433366e+03 3.48649976e+05 3.54283470e+05
 1.54582194e+03 3.58457473e+05 3.96655839e+05
 1.84617426e+03 3.69568836e+05 4.44397277e+05
 2.20488485e+03 3.83148000e+05 4.99332571e+05
 2.63329271e+03 4.00136150e+05 5.63024627e+05
 3.14493997e+03 4.20425088e+05 6.39092013e+05
 3.75600000e+03 4.44656155e+05 7.29939248e+05
