 1.39500000e-02 5.83484558e+01 2.35598996e+03
 1.58929201e-02 1.24179403e+02 2.68055435e+03
 1.81064451e-02 1.99179116e+02 3.05032323e+03
 2.06282641e-02 2.84624595e+02 3.47159257e+03
 2.35013157e-02 3.86477325e+02 3.95649022e+03
 2.67745184e-02 5.11049784e+02 4.51937306e+03
 3.05036044e-02 6.63595069e+02 5.17064471e+03
 3.47520679e-02 8.50308655e+02 5.91917680e+03
 3.95922464e-02 1.07732097e+03 6.77045362e+03
 4.51065526e-02 1.35382006e+03 7.73217446e+03
 5.13888771e-02 1.69190949e+03 8.80481400e+03
 5.85461876e-02 2.10622992e+03 9.98524851e+03
 6.67003499e-02 2.61242235e+03 1.12676537e+04
 7.59902029e-02 3.22991204e+03 1.26548653e+04
 8.65739228e-02 3.98131015e+03 1.41532675e+04
 9.86317158e-02 4.89283263e+03 1.57706288e+04
 1.12368887e-01 5.98766833e+03 1.75156365e+04
 1.28019337e-01 7.29298027e+03 1.94047616e+04
 1.45849540e-01 8.83988783e+03 2.14488803e+04
 1.66163089e-01 1.06636149e+04 2.36582910e+04
 1.89305856e-01 1.27876855e+04 2.60228272e+04
 2.15671888e-01 1.52351416e+04 2.85091727e+04
 2.45710114e-01 1.80287606e+04 3.10713910e+04
 2.79931986e-01 2.11768874e+04 3.36457333e+04
 3.18920192e-01 2.46597410e+04 3.61565407e+04
 3.63338575e-01 2.84442718e+04 3.85401220e+04
 4.13943437e-01 3.24890065e+04 4.07216984e+04
 4.71596413e-01 3.67600068e+04 4.26455651e+04
 5.37279147e-01 4.11998548e+04 4.42983578e+04
 6.12110003e-01 4.57339496e+04 4.56724622e+04
 6.97363109e-01 5.03182366e+04 4.67773169e+04
 7.94490047e-01 5.49309418e+04 4.76428852e+04
 9.05144576e-01 5.95452671e+04 4.82876796e+04
 1.03121078e+00 6.41258375e+04 4.87397143e+04
 1.17483516e+00 6.86697556e+04 4.90174425e+04
 1.33846318e+00 7.31900045e+04 4.91337113e+04
 1.52488089e+00 7.77058550e+04 4.91098851e+04
 1.73726237e+00 8.22083521e+04 4.89677133e+04
 1.97922380e+00 8.66974417e+04 4.87152070e+04
 2.25488500e+00 9.11826209e+04 4.83689141e+04
 2.56893958e+00 9.56777974e+04 4.79512179e+04
 2.92673487e+00 1.00141679e+05 4.74854529e+04
 3.33436297e+00 1.04544615e+05 4.69669073e+04
 3.79876446e+00 1.08852063e+05 4.63921200e+04
 4.32784659e+00 1.13025932e+05 4.57574715e+04
 4.93061792e+00 1.17039717e+05 4.50713522e+04
 5.61734169e+00 1.20870111e+05 4.43491832e+04
 6.39971058e+00 1.24496340e+05 4.36126107e+04
 7.29104579e+00 1.27957866e+05 4.28902698e+04
 8.30652388e+00 1.31317500e+05 4.22075515e+04
 9.46343514e+00 1.34662568e+05 4.15870094e+04
 1.07814780e+01 1.38100853e+05 4.10536011e+04
 1.22830945e+01 1.41651940e+05 4.06101894e+04
 1.39938523e+01 1.45311225e+05 4.02478561e+04
 1.59428800e+01 1.49064439e+05 3.99533894e+04
 1.81633633e+01 1.52825988e+05 3.97074866e+04
 2.06931098e+01 1.56504715e+05 3.95043089e+04
 2.35751929e+01 1.59994418e+05 3.93402503e+04
 2.68586850e+01 1.63182917e+05 3.92097136e+04
 3.05994935e+01 1.66087122e+05 3.91030727e+04
 3.48613122e+01 1.68751032e+05 3.90107214e+04
 3.97167060e+01 1.71238552e+05 3.89198441e+04
 4.52483466e+01 1.73634350e+05 3.88201684e+04
 5.15504198e+01 1.75977590e+05 3.87207822e+04
 5.87302296e+01 1.78316860e+05 3.86369232e+04
 6.69100248e+01 1.80703309e+05 3.85892745e+04
 7.62290808e+01 1.83122343e+05 3.86095692e+04
 8.68460709e+01 1.85580217e+05 3.87328754e+04
 9.89417681e+01 1.88086900e+05 3.90005766e+04
 1.12722123e+02 1.90639927e+05 3.94548798e+04
 1.28421770e+02 1.93248763e+05 4.01047867e+04
 1.46308023e+02 1.95930538e+05 4.09510258e+04
 1.66685428e+02 1.98706490e+05 4.19898079e+04
 1.89900946e+02 2.01565319e+05 4.31959299e+04
 2.16349860e+02 2.04445973e+05 4.45337891e+04
 2.46482512e+02 2.07267480e+05 4.59544219e+04
 2.80811962e+02 2.09954533e+05 4.74840344e+04
 3.19922729e+02 2.12492668e+05 4.91485806e+04
 3.64480743e+02 2.14878609e+05 5.09616974e+04
 4.15244682e+02 2.17121079e+05 5.29375146e+04
 4.73078893e+02 2.19308325e+05 5.51624703e+04
 5.38968103e+02 2.21580862e+05 5.77628275e+04
 6.14034193e+02 2.24114315e+05 6.08932706e+04
 6.99555294e+02 2.27101120e+05 6.44676913e+04
 7.96987555e+02 2.30543483e+05 6.84785678e+04
 9.07989929e+02 2.34411891e+05 7.29805363e+04
 1.03445243e+03 2.38653728e+05 7.80365952e+04
 1.17852830e+03 2.43154226e+05 8.36474391e+04
 1.34267069e+03 2.47879489e+05 8.97844586e+04
 1.52967440e+03 2.52796387e+05 9.63539331e+04
 1.74272352e+03 2.57872034e+05 1.03439713e+05
 1.98544556e+03 2.63284112e+05 1.11072974e+05
 2.26197331e+03 2.69302775e+05 1.19276213e+05
 2.57701513e+03 2.76267741e+05 1.28078518e+05
 2.93593516e+03 2.84550417e+05 1.37473664e+05
 3.34484465e+03 2.94377248e+05 1.47564332e+05
 3.81070600e+03 3.06003950e+05 1.58558915e+05
 4.34145133e+03 3.19796100e+05 1.70697891e+05
 4.94611749e+03 3.35509186e+05 1.84527552e+05
 5.63500000e+03 3.53410750e+05 2.00283372e+05
