 1.59000000e-05 2.59716066e+02 4.54036414e+03
 1.93984638e-05 7.12426580e+02 5.50375751e+03
 2.36666918e-05 1.26474661e+03 6.67912552e+03
 2.88740544e-05 1.93859317e+03 8.11310879e+03
 3.52271887e-05 2.79383179e+03 9.82286724e+03
 4.29781979e-05 3.90775577e+03 1.18204626e+04
 5.24346552e-05 5.35049305e+03 1.41139748e+04
 6.39718090e-05 7.20596119e+03 1.66858519e+04
 7.80474732e-05 9.54894013e+03 1.94996102e+04
 9.52201942e-05 1.24238144e+04 2.25124289e+04
 1.16171415e-04 1.58629037e+04 2.56592780e+04
 1.41732515e-04 1.98779452e+04 2.88480575e+04
 1.72917803e-04 2.44582326e+04 3.19597418e+04
 2.10964764e-04 2.95632317e+04 3.48836926e+04
 2.57383167e-04 3.51103945e+04 3.75388042e+04
 3.14014972e-04 4.10144087e+04 3.98507154e+04
 3.83107426e-04 4.72039555e+04 4.17525821e+04
 4.67402236e-04 5.35823459e+04 4.31791167e+04
 5.70244364e-04 6.00763314e+04 4.41273488e+04
 6.95714759e-04 6.65935335e+04 4.46350912e+04
 8.48792302e-04 7.30682365e+04 4.47385920e+04
 1.03555137e-03 7.94566297e+04 4.44655220e+04
 1.26340288e-03 8.57039116e+04 4.38517015e+04
 1.54138837e-03 9.17404549e+04 4.29583301e+04
 1.88053878e-03 9.75468379e+04 4.18976689e+04
 2.29431217e-03 1.03150528e+05 4.07193052e+04
 2.79912778e-03 1.08618374e+05 3.94636929e+04
 3.41501755e-03 1.13981485e+05 3.81737231e+04
 4.16642104e-03 1.19254057e+05 3.68847770e+04
 5.08315521e-03 1.24451870e+05 3.56402075e+04
 6.20159764e-03 1.29606319e+05 3.44230053e+04
 7.56613004e-03 1.34675046e+05 3.31998199e+04
 9.23089937e-03 1.39465363e+05 3.19772693e+04
 1.12619665e-02 1.43794733e+05 3.07613723e+04
 1.37399277e-02 1.47645887e+05 2.95604867e+04
 1.67631126e-02 1.51056576e+05 2.83937718e+04
 2.04514864e-02 1.54073401e+05 2.72812895e+04
 2.49514101e-02 1.56762032e+05 2.62241938e+04
 3.04414482e-02 1.59250434e+05 2.52170588e+04
 3.71394548e-02 1.61726159e+05 2.42561057e+04
 4.53112184e-02 1.64373171e+05 2.33451192e+04
 5.52810082e-02 1.67088328e+05 2.24803535e+04
 6.74444427e-02 1.69730048e+05 2.16414120e+04
 8.22841877e-02 1.72343487e+05 2.08020061e+04
 1.00389109e-01 1.75007628e+05 1.99671511e+04
 1.22477642e-01 1.77721360e+05 1.91435604e+04
 1.49426296e-01 1.80392461e+05 1.83315059e+04
 1.82304441e-01 1.82879976e+05 1.75294867e+04
 2.22416736e-01 1.85272371e+05 1.67402144e+04
 2.71354906e-01 1.87681480e+05 1.59721226e+04
 3.31060902e-01 1.89918846e+05 1.52333788e+04
 4.03903958e-01 1.91721143e+05 1.45299088e+04
 4.92774612e-01 1.93041787e+05 1.38640270e+04
 6.01199402e-01 1.94049866e+05 1.32418436e+04
 7.33480809e-01 1.94982505e+05 1.26713337e+04
 8.94867985e-01 1.95896859e+05 1.21504762e+04
 1.09176505e+00 1.96863342e+05 1.16801102e+04
 1.33198521e+00 1.97899999e+05 1.12578039e+04
 1.62506081e+00 1.99029846e+05 1.08768317e+04
 1.98262159e+00 2.00172997e+05 1.05294361e+04
 2.41885618e+00 2.01222215e+05 1.02153645e+04
 2.95107511e+00 2.02071659e+05 9.93283094e+03
 3.60039772e+00 2.02701628e+05 9.69021241e+03
 4.39259026e+00 2.03109164e+05 9.49246762e+03
 5.35908826e+00 2.03389775e+05 9.34147681e+03
 6.53824401e+00 2.03658069e+05 9.24028178e+03
 7.97684843e+00 2.03989625e+05 9.19093602e+03
 9.73198779e+00 2.04367380e+05 9.19585300e+03
 1.18733090e+01 2.04765410e+05 9.25660663e+03
 1.44857834e+01 2.05131943e+05 9.37644168e+03
 1.76730783e+01 2.05400556e+05 9.56745267e+03
 2.15616711e+01 2.05577130e+05 9.84264280e+03
 2.63058677e+01 2.05763289e+05 1.02160193e+04
 3.20939261e+01 2.06033597e+05 1.07008453e+04
 3.91555261e+01 2.06419473e+05 1.13126958e+04
 4.77708841e+01 2.06942374e+05 1.20691001e+04
 5.82818721e+01 2.07600756e+05 1.29964408e+04
 7.11055843e+01 2.08372398e+05 1.41269815e+04
 8.67508871e+01 2.09196394e+05 1.54931521e+04
 1.05838613e+02 2.09935397e+05 1.71314706e+04
 1.29126196e+02 2.10539543e+05 1.90821500e+04
 1.57537725e+02 2.11077196e+05 2.13840624e+04
 1.92200621e+02 2.11645000e+05 2.40779137e+04
 2.34490364e+02 2.12429089e+05 2.71840589e+04
 2.86085085e+02 2.13685040e+05 3.07128737e+04
 3.49032150e+02 2.15516517e+05 3.47097847e+04
 4.25829405e+02 2.17982846e+05 3.92375775e+04
 5.19524297e+02 2.21134093e+05 4.43432589e+04
 6.33834798e+02 2.25032829e+05 5.00765026e+04
 7.73296944e+02 2.29752190e+05 5.64764675e+04
 9.43444831e+02 2.35214996e+05 6.36333962e+04
 1.15103022e+03 2.41298592e+05 7.16531944e+04
 1.40429044e+03 2.48211895e+05 8.06079643e+04
 1.71327531e+03 2.56325788e+05 9.05677492e+04
 2.09024585e+03 2.66031162e+05 1.01716779e+05
 2.55016092e+03 2.77715857e+05 1.14384571e+05
 3.11127072e+03 2.91913407e+05 1.29025967e+05
 3.79584104e+03 3.09469817e+05 1.46034101e+05
 4.63103680e+03 3.30889150e+05 1.66784520e+05
 5.65000000e+03 3.57021360e+05 1.92100637e+05
