 6.78400000e-04 6.88452582e+01 2.88131876e+03
 7.96874144e-04 1.95240774e+02 3.40031532e+03
 9.36038327e-04 3.43709698e+02 4.00994820e+03
 1.09950581e-03 5.18106878e+02 4.72604589e+03
 1.29152086e-03 7.31921092e+02 5.56040079e+03
 1.51706895e-03 1.00027081e+03 6.52578520e+03
 1.78200623e-03 1.34332098e+03 7.63362634e+03
 2.09321151e-03 1.78674472e+03 8.89491025e+03
 2.45876493e-03 2.36725050e+03 1.03218182e+04
 2.88815772e-03 3.12525746e+03 1.19243039e+04
 3.39253864e-03 4.10682629e+03 1.37234737e+04
 3.98500342e-03 5.36574213e+03 1.57417097e+04
 4.68093483e-03 6.95443352e+03 1.79806600e+04
 5.49840203e-03 8.92106100e+03 2.04415266e+04
 6.45862973e-03 1.13005717e+04 2.31138468e+04
 7.58654929e-03 1.41113117e+04 2.59537024e+04
 8.91144601e-03 1.73593064e+04 2.88961364e+04
 1.04677195e-02 2.10215937e+04 3.18394485e+04
 1.22957769e-02 2.50694890e+04 3.46583479e+04
 1.44430817e-02 2.94605332e+04 3.72826788e+04
 1.69653868e-02 3.41318681e+04 3.96246332e+04
 1.99281811e-02 3.90532877e+04 4.15907334e+04
 2.34083907e-02 4.41768770e+04 4.31496217e+04
 2.74963758e-02 4.94336329e+04 4.42815398e+04
 3.22982767e-02 5.48073218e+04 4.49891446e+04
 3.79387700e-02 6.02379578e+04 4.53122414e+04
 4.45643056e-02 6.56518702e+04 4.52616497e+04
 5.23469087e-02 7.10123352e+04 4.48798331e+04
 6.14886469e-02 7.62085935e+04 4.42621948e+04
 7.22268763e-02 8.11682599e+04 4.34689100e+04
 8.48404042e-02 8.58590358e+04 4.25730710e+04
 9.96567283e-02 9.01993331e+04 4.16552954e+04
 1.17060540e-01 9.42194389e+04 4.07830405e+04
 1.37503711e-01 9.80153243e+04 3.99689491e+04
 1.61517028e-01 1.01604667e+05 3.92139465e+04
 1.89723973e-01 1.05083397e+05 3.84792174e+04
 2.22856911e-01 1.08537639e+05 3.77477609e+04
 2.61776106e-01 1.12014326e+05 3.70103464e+04
 3.07492055e-01 1.15532824e+05 3.62589414e+04
 3.61191728e-01 1.18980572e+05 3.54716788e+04
 4.24269383e-01 1.22199242e+05 3.46836985e+04
 4.98362767e-01 1.25222636e+05 3.39271078e+04
 5.85395641e-01 1.28064033e+05 3.32180498e+04
 6.87627728e-01 1.30696433e+05 3.25425525e+04
 8.07713380e-01 1.33153915e+05 3.18806401e+04
 9.48770502e-01 1.35527041e+05 3.12095385e+04
 1.11446150e+00 1.37984081e+05 3.05198183e+04
 1.30908837e+00 1.40649115e+05 2.97963636e+04
 1.53770442e+00 1.43453611e+05 2.90244439e+04
 1.80624542e+00 1.46271486e+05 2.82104905e+04
 2.12168377e+00 1.49111818e+05 2.73649332e+04
 2.49220952e+00 1.51947698e+05 2.65022154e+04
 2.92744300e+00 1.54743945e+05 2.56438402e+04
 3.43868460e+00 1.57408304e+05 2.47999529e+04
 4.03920821e+00 1.59901013e+05 2.39814962e+04
 4.74460581e+00 1.62243036e+05 2.32105536e+04
 5.57319236e+00 1.64566847e+05 2.24922714e+04
 6.54648127e+00 1.66882086e+05 2.18293938e+04
 7.68974300e+00 1.69170475e+05 2.12239441e+04
 9.03266122e+00 1.71424511e+05 2.06689193e+04
 1.06101034e+01 1.73734673e+05 2.01697386e+04
 1.24630264e+01 1.76203511e+05 1.97351639e+04
 1.46395393e+01 1.78894023e+05 1.93584431e+04
 1.71961533e+01 1.81729323e+05 1.90495309e+04
 2.01992481e+01 1.84661470e+05 1.88180029e+04
 2.37267962e+01 1.87752201e+05 1.86645765e+04
 2.78703868e+01 1.91052076e+05 1.85941488e+04
 3.27376041e+01 1.94456046e+05 1.86077319e+04
 3.84548205e+01 1.97820449e+05 1.87039780e+04
 4.51704779e+01 2.00932448e+05 1.89038813e+04
 5.30589415e+01 2.03758639e+05 1.92219257e+04
 6.23250274e+01 2.06247219e+05 1.96679056e+04
 7.32093202e+01 2.08272298e+05 2.02551228e+04
 8.59944198e+01 2.09750825e+05 2.09959963e+04
 1.01012278e+02 2.10739856e+05 2.19046190e+04
 1.18652820e+02 2.11361117e+05 2.29973861e+04
 1.39374063e+02 2.11888203e+05 2.42671473e+04
 1.63714014e+02 2.12458410e+05 2.57075977e+04
 1.92304635e+02 2.13149944e+05 2.73300854e+04
 2.25888254e+02 2.13972259e+05 2.91631993e+04
 2.65336835e+02 2.14950142e+05 3.12349309e+04
 3.11674622e+02 2.16173187e+05 3.35722075e+04
 3.66104728e+02 2.17747909e+05 3.62045127e+04
 4.30040377e+02 2.19670919e+05 3.91920345e+04
 5.05141594e+02 2.21971231e+05 4.26098574e+04
 5.93358306e+02 2.24795190e+05 4.65149102e+04
 6.96980973e+02 2.28336198e+05 5.09261884e+04
 8.18700054e+02 2.32627015e+05 5.58799507e+04
 9.61675862e+02 2.37577868e+05 6.14233043e+04
 1.12962062e+03 2.43046265e+05 6.75990485e+04
 1.32689485e+03 2.49006281e+05 7.44260249e+04
 1.55862057e+03 2.55450739e+05 8.18903854e+04
 1.83081432e+03 2.62398094e+05 8.99837326e+04
 2.15054333e+03 2.70033535e+05 9.87878507e+04
 2.52610904e+03 2.78764375e+05 1.08391625e+05
 2.96726265e+03 2.89049712e+05 1.18967588e+05
 3.48545826e+03 3.01411213e+05 1.30749271e+05
 4.09415030e+03 3.16387948e+05 1.43954272e+05
 4.80914286e+03 3.33980183e+05 1.59465363e+05
 5.64900000e+03 3.54644685e+05 1.77685273e+05
