 2.87740000e-04 6.33229366e+02 2.33232909e+04
 3.35995530e-04 1.36562118e+03 2.70178028e+04
 3.92343769e-04 2.22083901e+03 3.13319041e+04
 4.58141908e-04 3.21948142e+03 3.63695031e+04
 5.34974746e-04 4.46353405e+03 4.23181135e+04
 6.24692859e-04 6.06947330e+03 4.94068582e+04
 7.29457177e-04 8.16791019e+03 5.78498657e+04
 8.51791030e-04 1.09272964e+04 6.78898451e+04
 9.94640920e-04 1.45602851e+04 7.96403353e+04
 1.16144750e-03 1.93278604e+04 9.31516949e+04
 1.35622843e-03 2.55016414e+04 1.08435190e+05
 1.58367516e-03 3.32957923e+04 1.25432802e+05
 1.84926591e-03 4.28747324e+04 1.43992895e+05
 2.15939765e-03 5.43581742e+04 1.63955179e+05
 2.52154013e-03 6.80739555e+04 1.85057609e+05
 2.94441584e-03 8.42708734e+04 2.07311031e+05
 3.43821005e-03 1.03104005e+05 2.30514038e+05
 4.01481619e-03 1.24636533e+05 2.54379621e+05
 4.68812224e-03 1.49139210e+05 2.78640862e+05
 5.47434529e-03 1.77059337e+05 3.02964845e+05
 6.39242215e-03 2.08841996e+05 3.27081770e+05
 7.46446538e-03 2.44098603e+05 3.50796858e+05
 8.71629596e-03 2.82581327e+05 3.73590901e+05
 1.01780652e-02 3.23765636e+05 3.95664612e+05
 1.18849809e-02 3.67280507e+05 4.17253549e+05
 1.38781555e-02 4.12443010e+05 4.38564235e+05
 1.62055961e-02 4.58397459e+05 4.59857988e+05
 1.89233608e-02 5.04612809e+05 4.81055576e+05
 2.20969092e-02 5.51380553e+05 5.01713791e+05
 2.58026785e-02 5.98279689e+05 5.21598010e+05
 3.01299251e-02 6.45846801e+05 5.39702805e+05
 3.51828739e-02 6.94448053e+05 5.55197381e+05
 4.10832292e-02 7.44454938e+05 5.67261833e+05
 4.79731055e-02 7.95843447e+05 5.74929766e+05
 5.60184507e-02 8.47982788e+05 5.77453776e+05
 6.54130431e-02 8.99880707e+05 5.74937842e+05
 7.63831587e-02 9.51849527e+05 5.67512458e+05
 8.91930211e-02 1.00329901e+06 5.55530608e+05
 1.04151166e-01 1.05359286e+06 5.39442890e+05
 1.21617871e-01 1.10228208e+06 5.19990766e+05
 1.42013835e-01 1.14930837e+06 4.98363760e+05
 1.65830311e-01 1.19482904e+06 4.75962588e+05
 1.93640937e-01 1.23897421e+06 4.53813346e+05
 2.26115554e-01 1.28136865e+06 4.32855982e+05
 2.64036336e-01 1.32215956e+06 4.14220884e+05
 3.08316635e-01 1.36168507e+06 3.98497003e+05
 3.60022977e-01 1.40018886e+06 3.85850002e+05
 4.20400747e-01 1.43803686e+06 3.76277543e+05
 4.90904190e-01 1.47562234e+06 3.69367613e+05
 5.73231436e-01 1.51405117e+06 3.64481607e+05
 6.69365400e-01 1.55396290e+06 3.61068836e+05
 7.81621542e-01 1.59519196e+06 3.58439921e+05
 9.12703636e-01 1.63747626e+06 3.56431852e+05
 1.06576890e+00 1.68052609e+06 3.55251064e+05
 1.24450401e+00 1.72379164e+06 3.55042889e+05
 1.45321396e+00 1.76630262e+06 3.55993488e+05
 1.69692568e+00 1.80622291e+06 3.58348517e+05
 1.98150915e+00 1.84196380e+06 3.62390948e+05
 2.31381879e+00 1.87277341e+06 3.68521606e+05
 2.70185852e+00 1.89798707e+06 3.77153075e+05
 3.15497458e+00 1.91700659e+06 3.88503552e+05
 3.68408061e+00 1.93005682e+06 4.02725147e+05
 4.30192054e+00 1.93890957e+06 4.20214915e+05
 5.02337552e+00 1.94615339e+06 4.41258572e+05
 5.86582235e+00 1.95412193e+06 4.65892940e+05
 6.84955198e+00 1.96439635e+06 4.93920358e+05
 7.99825832e+00 1.97877222e+06 5.25177875e+05
 9.33960882e+00 1.99938250e+06 5.59596070e+05
 1.09059110e+01 2.02810756e+06 5.97185780e+05
 1.27348903e+01 2.06513642e+06 6.37770943e+05
 1.48705992e+01 2.11045032e+06 6.81332811e+05
 1.73644778e+01 2.16382131e+06 7.28512578e+05
 2.02765932e+01 2.22564262e+06 7.80042086e+05
 2.36770859e+01 2.29600540e+06 8.36670078e+05
 2.76478592e+01 2.37477265e+06 8.99235245e+05
 3.22845524e+01 2.46055846e+06 9.67814396e+05
 3.76988438e+01 2.55206509e+06 1.04242095e+06
 4.40211406e+01 2.64747586e+06 1.12323324e+06
 5.14037202e+01 2.74434805e+06 1.21067511e+06
 6.00243978e+01 2.84144272e+06 1.30568443e+06
 7.00908089e+01 2.93938396e+06 1.40832986e+06
 8.18454108e+01 3.04030010e+06 1.51847630e+06
 9.55713219e+01 3.14861225e+06 1.63867461e+06
 1.11599141e+02 3.27008378e+06 1.77147958e+06
 1.30314912e+02 3.41021639e+06 1.91806745e+06
 1.52169416e+02 3.57534510e+06 2.07677099e+06
 1.77689037e+02 3.76996103e+06 2.24451867e+06
 2.07488435e+02 3.99644672e+06 2.42081203e+06
 2.42285350e+02 4.25413208e+06 2.60726060e+06
 2.82917894e+02 4.54120925e+06 2.80430171e+06
 3.30364731e+02 4.85518055e+06 3.01458639e+06
 3.85768655e+02 5.19669736e+06 3.24272605e+06
 4.50464112e+02 5.56647118e+06 3.49700651e+06
 5.26009342e+02 5.96520578e+06 3.78609243e+06
 6.14223910e+02 6.39560315e+06 4.11885887e+06
 7.17232529e+02 6.86689226e+06 4.50351206e+06
 8.37516243e+02 7.39079963e+06 4.94913380e+06
 9.77972177e+02 7.97905936e+06 5.46410278e+06
 1.14198332e+03 8.66597339e+06 6.06543481e+06
 1.33350000e+03 9.46808654e+06 6.76761342e+06
