 1.92359455e-03 1.28877222e+03 7.46038453e+04
 2.21423972e-03 4.44126785e+03 8.46458103e+04
 2.54879988e-03 8.07008925e+03 9.62050642e+04
 2.93391033e-03 1.23974798e+04 1.09478359e+05
 3.37720898e-03 1.76707586e+04 1.24726024e+05
 3.88748776e-03 2.41505510e+04 1.42221438e+05
 4.47486703e-03 3.21091354e+04 1.62111576e+05
 5.15099625e-03 4.17422952e+04 1.84383156e+05
 5.92928510e-03 5.33333315e+04 2.09124834e+05
 6.82516936e-03 6.71607866e+04 2.36145877e+05
 7.85641709e-03 8.35212870e+04 2.65285017e+05
 9.04348101e-03 1.02653408e+05 2.96240356e+05
 1.04099041e-02 1.24850298e+05 3.28168274e+05
 1.19827867e-02 1.50518839e+05 3.60450033e+05
 1.37933237e-02 1.79980405e+05 3.92422538e+05
 1.58774235e-02 2.13387728e+05 4.23247673e+05
 1.82764199e-02 2.50882034e+05 4.52208524e+05
 2.10378923e-02 2.92266694e+05 4.78395362e+05
 2.42166088e-02 3.37128941e+05 5.00811919e+05
 2.78756129e-02 3.84713736e+05 5.19550977e+05
 3.20874736e-02 4.33791836e+05 5.34471796e+05
 3.69357247e-02 4.83564213e+05 5.45487600e+05
 4.25165213e-02 5.33240060e+05 5.52764318e+05
 4.89405474e-02 5.81918433e+05 5.56353382e+05
 5.63352106e-02 6.29622479e+05 5.56341493e+05
 6.48471691e-02 6.76354538e+05 5.53478499e+05
 7.46452404e-02 7.22188486e+05 5.48005414e+05
 8.59237495e-02 7.67780320e+05 5.40250043e+05
 9.89063829e-02 8.13320493e+05 5.30407138e+05
 1.13850625e-01 8.58900554e+05 5.18634427e+05
 1.31052865e-01 9.04111076e+05 5.05486297e+05
 1.50854273e-01 9.47492700e+05 4.91927646e+05
 1.73647573e-01 9.88697607e+05 4.77991846e+05
 1.99884821e-01 1.02764045e+06 4.63438289e+05
 2.30086382e-01 1.06391952e+06 4.48222591e+05
 2.64851243e-01 1.09715264e+06 4.33216715e+05
 3.04868893e-01 1.12688792e+06 4.19536811e+05
 3.50933004e-01 1.15392976e+06 4.07535290e+05
 4.03957162e-01 1.17951845e+06 3.96884087e+05
 4.64992997e-01 1.20379661e+06 3.87715615e+05
 5.35251030e-01 1.22698485e+06 3.80202887e+05
 6.16124687e-01 1.24943104e+06 3.74417072e+05
 7.09217936e-01 1.27128749e+06 3.69743187e+05
 8.16377091e-01 1.29293945e+06 3.65416621e+05
 9.39727441e-01 1.31395252e+06 3.61233402e+05
 1.08171539e+00 1.33415456e+06 3.57467811e+05
 1.24515698e+00 1.35382992e+06 3.54451671e+05
 1.43329375e+00 1.37326541e+06 3.52551076e+05
 1.64985701e+00 1.39221795e+06 3.51980113e+05
 1.89914186e+00 1.41118144e+06 3.52748225e+05
 2.18609235e+00 1.43069925e+06 3.54912467e+05
 2.51639958e+00 1.45098805e+06 3.58656360e+05
 2.89661452e+00 1.47100596e+06 3.64174038e+05
 3.33427797e+00 1.48941979e+06 3.71548543e+05
 3.83807009e+00 1.50453955e+06 3.80823958e+05
 4.41798260e+00 1.51633611e+06 3.92087383e+05
 5.08551688e+00 1.52445302e+06 4.05515672e+05
 5.85391214e+00 1.52866427e+06 4.21156932e+05
 6.73840794e+00 1.53019724e+06 4.39034510e+05
 7.75654647e+00 1.53142625e+06 4.59293732e+05
 8.92852045e+00 1.53366653e+06 4.82429058e+05
 1.02775736e+01 1.53849853e+06 5.09027813e+05
 1.18304618e+01 1.54666920e+06 5.39796650e+05
 1.36179833e+01 1.55965764e+06 5.75615068e+05
 1.56755900e+01 1.57828028e+06 6.16911410e+05
 1.80440904e+01 1.60225836e+06 6.64000224e+05
 2.07704590e+01 1.63109139e+06 7.16996881e+05
 2.39087677e+01 1.66507418e+06 7.75784520e+05
 2.75212587e+01 1.70435807e+06 8.39839672e+05
 3.16795783e+01 1.74782874e+06 9.08381068e+05
 3.64661984e+01 1.79306483e+06 9.80389689e+05
 4.19760521e+01 1.83967305e+06 1.05603250e+06
 4.83184161e+01 1.88755457e+06 1.13551050e+06
 5.56190785e+01 1.93721460e+06 1.21905285e+06
 6.40228331e+01 1.98991316e+06 1.30685824e+06
 7.36963515e+01 2.04681741e+06 1.40030956e+06
 8.48314884e+01 2.11004241e+06 1.50118531e+06
 9.76490868e+01 2.18211486e+06 1.61129707e+06
 1.12403358e+02 2.26413908e+06 1.73187642e+06
 1.29386923e+02 2.35722599e+06 1.86430406e+06
 1.48936617e+02 2.46263074e+06 2.00883257e+06
 1.71440168e+02 2.58151163e+06 2.16527818e+06
 1.97343889e+02 2.71385761e+06 2.33207710e+06
 2.27161528e+02 2.85916929e+06 2.50769872e+06
 2.61484459e+02 3.01641785e+06 2.69153818e+06
 3.00993406e+02 3.18396213e+06 2.88296654e+06
 3.46471950e+02 3.36360560e+06 3.08233293e+06
 3.98822067e+02 3.55814877e+06 3.29425769e+06
 4.59082015e+02 3.76925484e+06 3.52484620e+06
 5.28446929e+02 4.00290340e+06 3.78105269e+06
 6.08292522e+02 4.26642964e+06 4.06801362e+06
 7.00202371e+02 4.56865941e+06 4.39008294e+06
 8.05999321e+02 4.91888052e+06 4.75189630e+06
 9.27781643e+02 5.31399618e+06 5.15744057e+06
 1.06796464e+03 5.75732851e+06 5.61114813e+06
 1.22932857e+03 6.25655554e+06 6.11821027e+06
 1.41507375e+03 6.81940469e+06 6.68355111e+06
 1.62888406e+03 7.46729743e+06 7.33431203e+06
 1.87500000e+03 8.21308341e+06 8.08339954e+06
