 5.79430000e-05 1.30709547e+02 1.37365209e+04
 6.84088126e-05 2.59449970e+02 1.58420286e+04
 8.07649871e-05 4.11443817e+02 1.83278384e+04
 9.53529653e-05 5.90891181e+02 2.12626416e+04
 1.12575861e-04 8.19807379e+02 2.47263457e+04
 1.32909601e-04 1.12147968e+03 2.88068602e+04
 1.56916073e-04 1.52216426e+03 3.35913024e+04
 1.85258654e-04 2.06469812e+03 3.91893786e+04
 2.18720546e-04 2.81165386e+03 4.57481883e+04
 2.58226409e-04 3.84287854e+03 5.33833309e+04
 3.04867923e-04 5.22799556e+03 6.22478110e+04
 3.59933946e-04 7.05270991e+03 7.25801953e+04
 4.24946134e-04 9.47272188e+03 8.47333327e+04
 5.01700990e-04 1.27307270e+04 9.89632596e+04
 5.92319504e-04 1.70850154e+04 1.15467093e+05
 6.99305766e-04 2.28075938e+04 1.34407139e+05
 8.25616159e-04 3.01856740e+04 1.55997231e+05
 9.74741059e-04 3.96361260e+04 1.80322668e+05
 1.15080128e-03 5.16922693e+04 2.07253186e+05
 1.35866194e-03 6.68173800e+04 2.36375887e+05
 1.60406693e-03 8.53155293e+04 2.67523000e+05
 1.89379760e-03 1.07567675e+05 3.00633920e+05
 2.23586016e-03 1.34068529e+05 3.35209037e+05
 2.63970693e-03 1.65473282e+05 3.70660716e+05
 3.11649754e-03 2.02278601e+05 4.06518088e+05
 3.67940729e-03 2.44356707e+05 4.42173660e+05
 4.34399123e-03 2.91468390e+05 4.77124145e+05
 5.12861402e-03 3.43311284e+05 5.10678354e+05
 6.05495738e-03 3.99236482e+05 5.41736238e+05
 7.14861924e-03 4.58175629e+05 5.70202118e+05
 8.43982111e-03 5.18512750e+05 5.95963773e+05
 9.96424315e-03 5.78793549e+05 6.18783688e+05
 1.17640102e-02 6.38776222e+05 6.38949228e+05
 1.38888558e-02 6.98344985e+05 6.56710318e+05
 1.63974964e-02 7.57992904e+05 6.72275243e+05
 1.93592540e-02 8.17981123e+05 6.86383607e+05
 2.28559719e-02 8.78681925e+05 6.99103711e+05
 2.69842760e-02 9.40733023e+05 7.10561521e+05
 3.18582448e-02 1.00405089e+06 7.20823586e+05
 3.76125623e-02 1.06760661e+06 7.29535855e+05
 4.44062394e-02 1.12997458e+06 7.36323732e+05
 5.24270078e-02 1.18869745e+06 7.40732969e+05
 6.18965078e-02 1.24315654e+06 7.42052699e+05
 7.30764131e-02 1.29285086e+06 7.39668871e+05
 8.62756615e-02 1.33725432e+06 7.33002425e+05
 1.01858992e-01 1.37690488e+06 7.22078525e+05
 1.20257023e-01 1.41238037e+06 7.07405787e+05
 1.41978154e-01 1.44503222e+06 6.89777728e+05
 1.67622610e-01 1.47704219e+06 6.70296451e+05
 1.97899034e-01 1.50908054e+06 6.49950394e+05
 2.33644063e-01 1.54233443e+06 6.29523899e+05
 2.75845451e-01 1.57778499e+06 6.09837917e+05
 3.25669361e-01 1.61577760e+06 5.90757790e+05
 3.84492592e-01 1.65681700e+06 5.71913216e+05
 4.53940626e-01 1.70063127e+06 5.52949920e+05
 5.35932542e-01 1.74598992e+06 5.33564971e+05
 6.32734046e-01 1.79104452e+06 5.13902065e+05
 7.47020086e-01 1.83339959e+06 4.94272044e+05
 8.81948761e-01 1.87243965e+06 4.75202656e+05
 1.04124860e+00 1.90704018e+06 4.58111641e+05
 1.22932158e+00 1.93558358e+06 4.44156086e+05
 1.45136478e+00 1.95770222e+06 4.34105740e+05
 1.71351400e+00 1.97437497e+06 4.28626224e+05
 2.02301327e+00 1.98693865e+06 4.27947284e+05
 2.38841510e+00 1.99671538e+06 4.31973321e+05
 2.81981673e+00 2.00280359e+06 4.40600989e+05
 3.32913923e+00 2.00621536e+06 4.53427935e+05
 3.93045686e+00 2.00914803e+06 4.70259580e+05
 4.64038602e+00 2.01328515e+06 4.91232772e+05
 5.47854439e+00 2.01825618e+06 5.16438993e+05
 6.46809307e+00 2.02409427e+06 5.46292915e+05
 7.63637656e+00 2.03133772e+06 5.81504498e+05
 9.01567839e+00 2.04247266e+06 6.22538538e+05
 1.06441133e+01 2.05924486e+06 6.69653309e+05
 1.25666802e+01 2.08323745e+06 7.23367460e+05
 1.48365060e+01 2.11598474e+06 7.84252323e+05
 1.75163136e+01 2.16066801e+06 8.52758652e+05
 2.06801550e+01 2.21918124e+06 9.29062979e+05
 2.44154574e+01 2.29276487e+06 1.01249842e+06
 2.88254396e+01 2.38021830e+06 1.10203914e+06
 3.40319641e+01 2.47826085e+06 1.19764827e+06
 4.01789044e+01 2.58211071e+06 1.29904583e+06
 4.74361208e+01 2.68730773e+06 1.40652354e+06
 5.60041540e+01 2.79159488e+06 1.52228092e+06
 6.61197674e+01 2.89520412e+06 1.64759690e+06
 7.80624886e+01 2.99966674e+06 1.78447621e+06
 9.21623347e+01 3.10910021e+06 1.93573239e+06
 1.08808931e+02 3.22836784e+06 2.10359014e+06
 1.28462278e+02 3.36318935e+06 2.29051234e+06
 1.51665463e+02 3.51877432e+06 2.49745388e+06
 1.79059666e+02 3.69998948e+06 2.72220105e+06
 2.11401880e+02 3.91161050e+06 2.96714045e+06
 2.49585828e+02 4.15869112e+06 3.23511030e+06
 2.94666657e+02 4.44395396e+06 3.52895318e+06
 3.47890101e+02 4.77826607e+06 3.85198672e+06
 4.10726900e+02 5.17295851e+06 4.21083912e+06
 4.84913441e+02 5.64185157e+06 4.61510701e+06
 5.72499746e+02 6.19680997e+06 5.07519484e+06
 6.75906112e+02 6.85200637e+06 5.61838491e+06
 7.97990000e+02 7.62554602e+06 6.25968736e+06
