 2.40100000e-03 9.57924884e+02 3.37957377e+04
 2.67290860e-03 1.25722553e+03 3.77978031e+04
 2.97561033e-03 1.59042140e+03 4.22530948e+04
 3.31259244e-03 1.96135106e+03 4.72129396e+04
 3.68773713e-03 2.40363624e+03 5.27391146e+04
 4.10536622e-03 2.94526591e+03 5.88954915e+04
 4.57029100e-03 3.61205357e+03 6.57725762e+04
 5.08786761e-03 4.43834769e+03 7.34382101e+04
 5.66405877e-03 5.46475295e+03 8.19656706e+04
 6.30550247e-03 6.73729326e+03 9.14372423e+04
 7.01958842e-03 8.29164557e+03 1.01898707e+05
 7.81454322e-03 1.01746145e+04 1.13389388e+05
 8.69952512e-03 1.24635312e+04 1.25935412e+05
 9.68472951e-03 1.52554243e+04 1.39544170e+05
 1.07815064e-02 1.86500488e+04 1.54315784e+05
 1.20024911e-02 2.27492219e+04 1.70382626e+05
 1.33617500e-02 2.76922007e+04 1.87800424e+05
 1.48749423e-02 3.36574187e+04 2.06618680e+05
 1.65595008e-02 4.08133824e+04 2.26887933e+05
 1.84348322e-02 4.92823073e+04 2.48674663e+05
 2.05225413e-02 5.92811077e+04 2.72037664e+05
 2.28466793e-02 7.11126935e+04 2.96939880e+05
 2.54340216e-02 8.51399633e+04 3.23310298e+05
 2.83143753e-02 1.01714738e+05 3.51328136e+05
 3.15209235e-02 1.21200540e+05 3.81082406e+05
 3.50906071e-02 1.44015585e+05 4.12433647e+05
 3.90645504e-02 1.70674639e+05 4.45161393e+05
 4.34885352e-02 2.01508481e+05 4.78988884e+05
 4.84135276e-02 2.36671674e+05 5.13564481e+05
 5.38962659e-02 2.76175470e+05 5.48352978e+05
 5.99999138e-02 3.20019521e+05 5.82504236e+05
 6.67947879e-02 3.68220532e+05 6.15554814e+05
 7.43591684e-02 4.20809184e+05 6.47617664e+05
 8.27802003e-02 4.77204758e+05 6.78602920e+05
 9.21548978e-02 5.36702931e+05 7.08363454e+05
 1.02591262e-01 5.98681873e+05 7.36866542e+05
 1.14209523e-01 6.62683966e+05 7.64378993e+05
 1.27143531e-01 7.28107337e+05 7.90926497e+05
 1.41542290e-01 7.94086953e+05 8.15967928e+05
 1.57571680e-01 8.59549615e+05 8.38397388e+05
 1.75416368e-01 9.24890823e+05 8.57721518e+05
 1.95281932e-01 9.90804164e+05 8.73569860e+05
 2.17397233e-01 1.05726668e+06 8.85497119e+05
 2.42017049e-01 1.12398736e+06 8.92834671e+05
 2.69425012e-01 1.19071471e+06 8.95762554e+05
 2.99936873e-01 1.25740968e+06 8.94942829e+05
 3.33904143e-01 1.32403739e+06 8.91241467e+05
 3.71718141e-01 1.38937710e+06 8.85161192e+05
 4.13814502e-01 1.45226078e+06 8.77199396e+05
 4.60678193e-01 1.51353690e+06 8.67816784e+05
 5.12849107e-01 1.57377107e+06 8.57614324e+05
 5.70928276e-01 1.63305647e+06 8.46901026e+05
 6.35584798e-01 1.69129288e+06 8.35819748e+05
 7.07563547e-01 1.74831169e+06 8.24597648e+05
 7.87693749e-01 1.80387749e+06 8.13538911e+05
 8.76898542e-01 1.85721455e+06 8.02879809e+05
 9.76205605e-01 1.90583234e+06 7.92904105e+05
 1.08675900e+00 1.94849753e+06 7.83794595e+05
 1.20983235e+00 1.98544808e+06 7.75044938e+05
 1.34684353e+00 2.01734363e+06 7.66139659e+05
 1.49937095e+00 2.04539374e+06 7.56548020e+05
 1.66917181e+00 2.07119951e+06 7.45629213e+05
 1.85820229e+00 2.09716980e+06 7.33104416e+05
 2.06864010e+00 2.12623631e+06 7.18967690e+05
 2.30290959e+00 2.16006624e+06 7.03515056e+05
 2.56370964e+00 2.19940031e+06 6.87648070e+05
 2.85404480e+00 2.24449939e+06 6.72065505e+05
 3.17725985e+00 2.29490794e+06 6.57214515e+05
 3.53707838e+00 2.34916554e+06 6.43537905e+05
 3.93764566e+00 2.40490896e+06 6.31180548e+05
 4.38357641e+00 2.45920583e+06 6.20073282e+05
 4.88000796e+00 2.51026654e+06 6.09647402e+05
 5.43265941e+00 2.55652956e+06 5.99276522e+05
 6.04789758e+00 2.59681759e+06 5.88646643e+05
 6.73281028e+00 2.63034866e+06 5.77665493e+05
 7.49528801e+00 2.65861410e+06 5.66399903e+05
 8.34411487e+00 2.68409431e+06 5.54966864e+05
 9.28906974e+00 2.70946273e+06 5.43512555e+05
 1.03410389e+01 2.73654476e+06 5.32545011e+05
 1.15121416e+01 2.76630520e+06 5.22415102e+05
 1.28158693e+01 2.79933170e+06 5.13079907e+05
 1.42672417e+01 2.83584394e+06 5.04486415e+05
 1.58829792e+01 2.87413492e+06 4.96503344e+05
 1.76816959e+01 2.91171524e+06 4.88946969e+05
 1.96841137e+01 2.94682999e+06 4.81620039e+05
 2.19133015e+01 2.97791694e+06 4.74278693e+05
 2.43949405e+01 3.00436556e+06 4.66763274e+05
 2.71576203e+01 3.02591875e+06 4.59197267e+05
 3.02331682e+01 3.04345126e+06 4.51617928e+05
 3.36570160e+01 3.05871633e+06 4.43850585e+05
 3.74686080e+01 3.07369646e+06 4.35805053e+05
 4.17118553e+01 3.08989579e+06 4.27356391e+05
 4.64356422e+01 3.10866545e+06 4.18396344e+05
 5.16943888e+01 3.13060738e+06 4.08953081e+05
 5.75486783e+01 3.15629303e+06 3.99122113e+05
 6.40659548e+01 3.18591830e+06 3.88859187e+05
 7.13213002e+01 3.21925510e+06 3.78248730e+05
 7.93982994e+01 3.25641109e+06 3.67245204e+05
 8.83900032e+01 3.29777492e+06 3.54995550e+05
 9.84000000e+01 3.34382313e+06 3.41358646e+05
