 6.11400000e-04 9.42686463e+02 3.59945938e+04
 6.90095399e-04 1.30846867e+03 4.07071109e+04
 7.78919954e-04 1.72133197e+03 4.60261923e+04
 8.79177423e-04 2.18733633e+03 5.20299109e+04
 9.92339376e-04 2.74797102e+03 5.87949083e+04
 1.12006679e-03 3.43983634e+03 6.64231710e+04
 1.26423445e-03 4.29616576e+03 7.49967863e+04
 1.42695842e-03 5.35974373e+03 8.46043662e+04
 1.61062715e-03 6.67436361e+03 9.53327989e+04
 1.81793651e-03 8.28381818e+03 1.07294675e+05
 2.05192938e-03 1.02640315e+04 1.20668698e+05
 2.31604027e-03 1.27100078e+04 1.35678539e+05
 2.61414579e-03 1.57356243e+04 1.52553256e+05
 2.95062150e-03 1.94804709e+04 1.71498108e+05
 3.33040615e-03 2.41287906e+04 1.92666923e+05
 3.75907419e-03 2.98992704e+04 2.16202047e+05
 4.24291757e-03 3.70516053e+04 2.42228204e+05
 4.78903810e-03 4.58742857e+04 2.70710449e+05
 5.40545168e-03 5.67636919e+04 3.01527949e+05
 6.10120598e-03 7.01914177e+04 3.34556555e+05
 6.88651320e-03 8.66954914e+04 3.69828676e+05
 7.77290003e-03 1.06873071e+05 4.07659203e+05
 8.77337675e-03 1.31422071e+05 4.48452792e+05
 9.90262828e-03 1.61148071e+05 4.92698779e+05
 1.11772297e-02 1.96729106e+05 5.41052955e+05
 1.26158894e-02 2.38452520e+05 5.93312262e+05
 1.42397239e-02 2.86543217e+05 6.49071785e+05
 1.60725678e-02 3.41185999e+05 7.07546991e+05
 1.81413234e-02 4.02336047e+05 7.67195827e+05
 2.04763556e-02 4.69516892e+05 8.25703569e+05
 2.31119378e-02 5.42030678e+05 8.80192494e+05
 2.60867549e-02 6.19349397e+05 9.27663626e+05
 2.94444709e-02 7.01283395e+05 9.67555728e+05
 3.32343701e-02 7.87173593e+05 9.99476012e+05
 3.75120803e-02 8.76137137e+05 1.02319661e+06
 4.23403893e-02 9.67382481e+05 1.03907375e+06
 4.77901666e-02 1.06030296e+06 1.04827557e+06
 5.39414035e-02 1.15406502e+06 1.05229952e+06
 6.08843873e-02 1.24747669e+06 1.05247777e+06
 6.87210264e-02 1.33953989e+06 1.04821114e+06
 7.75663463e-02 1.42946273e+06 1.03924066e+06
 8.75501778e-02 1.51632477e+06 1.02540045e+06
 9.88190626e-02 1.59889901e+06 1.00642606e+06
 1.11538404e-01 1.67666949e+06 9.82645549e+05
 1.25894896e-01 1.74954099e+06 9.54954063e+05
 1.42099262e-01 1.81759099e+06 9.24608987e+05
 1.60389347e-01 1.88079832e+06 8.93237731e+05
 1.81033612e-01 1.94053040e+06 8.61611099e+05
 2.04335072e-01 1.99756341e+06 8.30685708e+05
 2.30635742e-01 2.05286142e+06 8.01608863e+05
 2.60321663e-01 2.10640346e+06 7.74772008e+05
 2.93828560e-01 2.15765310e+06 7.49931714e+05
 3.31648246e-01 2.20640927e+06 7.26754326e+05
 3.74335834e-01 2.25197686e+06 7.04798360e+05
 4.22517888e-01 2.29262767e+06 6.84447090e+05
 4.76901620e-01 2.32933050e+06 6.65606778e+05
 5.38285269e-01 2.36317720e+06 6.48049540e+05
 6.07569819e-01 2.39564519e+06 6.31451856e+05
 6.85772223e-01 2.42859676e+06 6.15740700e+05
 7.74040326e-01 2.46266988e+06 6.00604515e+05
 8.73669722e-01 2.49846172e+06 5.85819356e+05
 9.86122760e-01 2.53597592e+06 5.71116617e+05
 1.11305002e+00 2.57382527e+06 5.56634972e+05
 1.25631451e+00 2.61120969e+06 5.42485251e+05
 1.41801908e+00 2.64721550e+06 5.28775065e+05
 1.60053720e+00 2.68109602e+06 5.15692895e+05
 1.80654785e+00 2.71343182e+06 5.03513895e+05
 2.03907485e+00 2.74496523e+06 4.92024837e+05
 2.30153119e+00 2.77658633e+06 4.81062989e+05
 2.59776919e+00 2.80848134e+06 4.70434683e+05
 2.93213701e+00 2.84065984e+06 4.60040452e+05
 3.30954246e+00 2.87348326e+06 4.49811040e+05
 3.73552507e+00 2.90748573e+06 4.39667002e+05
 4.21633736e+00 2.94321861e+06 4.29640895e+05
 4.75903666e+00 2.98162301e+06 4.20075620e+05
 5.37158865e+00 3.02317071e+06 4.11008948e+05
 6.06298432e+00 3.06833582e+06 4.02461697e+05
 6.84337191e+00 3.11716856e+06 3.94381415e+05
 7.72420587e+00 3.16886722e+06 3.86644636e+05
 8.71841500e+00 3.22212775e+06 3.79090388e+05
 9.84059221e+00 3.27526153e+06 3.71518085e+05
 1.11072087e+01 3.32634116e+06 3.63771486e+05
 1.25368558e+01 3.37508265e+06 3.55780242e+05
 1.41505177e+01 3.42032325e+06 3.47579848e+05
 1.59718795e+01 3.46051344e+06 3.39234506e+05
 1.80276751e+01 3.49451858e+06 3.30832208e+05
 2.03480792e+01 3.52172662e+06 3.22481703e+05
 2.29671506e+01 3.54241792e+06 3.14241395e+05
 2.59233316e+01 3.55693548e+06 3.06167197e+05
 2.92600129e+01 3.56484082e+06 2.98473617e+05
 3.30261699e+01 3.56813099e+06 2.91027362e+05
 3.72770819e+01 3.56933468e+06 2.83728087e+05
 4.20751434e+01 3.57126616e+06 2.76446218e+05
 4.74907800e+01 3.57636552e+06 2.69024727e+05
 5.36034818e+01 3.58539431e+06 2.61488329e+05
 6.05029705e+01 3.59944315e+06 2.53674615e+05
 6.82905162e+01 3.61922637e+06 2.45386397e+05
 7.70804236e+01 3.64401530e+06 2.36683401e+05
 8.70017103e+01 3.67199491e+06 2.26860213e+05
 9.82000000e+01 3.70357587e+06 2.15772648e+05
