 3.93000000e-04 1.11342830e+03 3.36638532e+04
 4.45570829e-04 1.52246027e+03 3.80306656e+04
 5.05173953e-04 1.98620762e+03 4.29816179e+04
 5.72750069e-04 2.51198954e+03 4.85948492e+04
 6.49365708e-04 3.14516115e+03 5.49522512e+04
 7.36230068e-04 3.92834252e+03 6.21490700e+04
 8.34714102e-04 4.91015463e+03 7.02942111e+04
 9.46372148e-04 6.14935359e+03 7.95108093e+04
 1.07296647e-03 7.71222192e+03 8.99388293e+04
 1.21649506e-03 9.67149200e+03 1.01737111e+05
 1.37922319e-03 1.21149348e+04 1.15084823e+05
 1.56371914e-03 1.51458463e+04 1.30184512e+05
 1.77289474e-03 1.88905920e+04 1.47230127e+05
 2.01005134e-03 2.35291422e+04 1.66290431e+05
 2.27893192e-03 2.92781716e+04 1.87406311e+05
 2.58378011e-03 3.63952707e+04 2.10589500e+05
 2.92940724e-03 4.52192081e+04 2.35942043e+05
 3.32126823e-03 5.61724930e+04 2.63634802e+05
 3.76554768e-03 6.97572393e+04 2.93869215e+05
 4.26925751e-03 8.65364191e+04 3.26920159e+05
 4.84034760e-03 1.07108445e+05 3.63122179e+05
 5.48783128e-03 1.32164716e+05 4.02831444e+05
 6.22192757e-03 1.62501869e+05 4.46428158e+05
 7.05422246e-03 1.98589531e+05 4.93471349e+05
 7.99785178e-03 2.40648981e+05 5.42788223e+05
 9.06770852e-03 2.88822008e+05 5.92797718e+05
 1.02806779e-02 3.43161152e+05 6.41597035e+05
 1.16559037e-02 4.03252782e+05 6.87810746e+05
 1.32150908e-02 4.68371856e+05 7.29911717e+05
 1.49828472e-02 5.37524307e+05 7.66156476e+05
 1.69870729e-02 6.10394257e+05 7.96322678e+05
 1.92593999e-02 6.86921493e+05 8.21146996e+05
 2.18356916e-02 7.66994983e+05 8.41667719e+05
 2.47566087e-02 8.50508067e+05 8.59119565e+05
 2.80682510e-02 9.37963725e+05 8.74015392e+05
 3.18228852e-02 1.02958537e+06 8.86862300e+05
 3.60797693e-02 1.12555026e+06 8.98293198e+05
 4.09060883e-02 1.22527847e+06 9.07934190e+05
 4.63780145e-02 1.32781053e+06 9.15488576e+05
 5.25819093e-02 1.43200910e+06 9.20791820e+05
 5.96156868e-02 1.53645018e+06 9.23715214e+05
 6.75903588e-02 1.63947520e+06 9.24237859e+05
 7.66317868e-02 1.74013241e+06 9.22390433e+05
 8.68826686e-02 1.83735108e+06 9.18231894e+05
 9.85047905e-02 1.93020922e+06 9.11850560e+05
 1.11681581e-01 2.01851547e+06 9.02919686e+05
 1.26621004e-01 2.10193214e+06 8.91201242e+05
 1.43558844e-01 2.18016551e+06 8.76474300e+05
 1.62762425e-01 2.25311187e+06 8.58537329e+05
 1.84534831e-01 2.32118901e+06 8.37754851e+05
 2.09219689e-01 2.38482709e+06 8.14800389e+05
 2.37206591e-01 2.44445452e+06 7.90579991e+05
 2.68937245e-01 2.49998078e+06 7.65973146e+05
 3.04912446e-01 2.55191027e+06 7.41543895e+05
 3.45699978e-01 2.60091847e+06 7.18006225e+05
 3.91943577e-01 2.64721612e+06 6.96204520e+05
 4.44373091e-01 2.69044467e+06 6.76277026e+05
 5.03815996e-01 2.73097281e+06 6.58030452e+05
 5.71210461e-01 2.76937295e+06 6.41177097e+05
 6.47620149e-01 2.80611278e+06 6.25371475e+05
 7.34251010e-01 2.84147745e+06 6.10468532e+05
 8.32470308e-01 2.87557314e+06 5.96191769e+05
 9.43828207e-01 2.90850703e+06 5.82187592e+05
 1.07008223e+00 2.93969948e+06 5.68460175e+05
 1.21322500e+00 2.96874051e+06 5.55009770e+05
 1.37551570e+00 2.99531721e+06 5.41799244e+05
 1.55951571e+00 3.01915154e+06 5.28766428e+05
 1.76812902e+00 3.04030447e+06 5.15888424e+05
 2.00464813e+00 3.05989634e+06 5.03058659e+05
 2.27280592e+00 3.07939807e+06 4.90268711e+05
 2.57683466e+00 3.10057051e+06 4.77517037e+05
 2.92153271e+00 3.12418820e+06 4.64964079e+05
 3.31234033e+00 3.15167186e+06 4.52739031e+05
 3.75542552e+00 3.18477020e+06 4.40988207e+05
 4.25778133e+00 3.22520430e+06 4.29881266e+05
 4.82733627e+00 3.27357649e+06 4.19648202e+05
 5.47307945e+00 3.32941100e+06 4.10190137e+05
 6.20520242e+00 3.39183772e+06 4.01348275e+05
 7.03526001e+00 3.46013418e+06 3.92973626e+05
 7.97635277e+00 3.53085963e+06 3.84936711e+05
 9.04333363e+00 3.59917887e+06 3.77052275e+05
 1.02530424e+01 3.65900078e+06 3.69085387e+05
 1.16245715e+01 3.70588946e+06 3.60811362e+05
 1.31795673e+01 3.73889825e+06 3.52259754e+05
 1.49425719e+01 3.75796307e+06 3.43494476e+05
 1.69414100e+01 3.76372958e+06 3.34603398e+05
 1.92076288e+01 3.75967195e+06 3.25705550e+05
 2.17769951e+01 3.75010317e+06 3.17000573e+05
 2.46900605e+01 3.74034574e+06 3.08740970e+05
 2.79928008e+01 3.73409832e+06 3.01277528e+05
 3.17373421e+01 3.73119690e+06 2.94659068e+05
 3.59827833e+01 3.73091059e+06 2.88831082e+05
 4.07961287e+01 3.73222729e+06 2.83686835e+05
 4.62533458e+01 3.73368226e+06 2.79062844e+05
 5.24405640e+01 3.73532579e+06 2.74679848e+05
 5.94554340e+01 3.73648165e+06 2.70187745e+05
 6.74086693e+01 3.73641587e+06 2.65156404e+05
 7.64257930e+01 3.73620655e+06 2.59453535e+05
 8.66491195e+01 3.73596923e+06 2.52987806e+05
 9.82400000e+01 3.73570017e+06 2.45657168e+05
