1.53E-05	401
3.61E-05	2500
5.95E-05	5580
9.13E-05	12200
0.000145	21400
0.000231	35600
0.000367	51400
0.000605	67200
0.000928	81700
0.00142	97000
0.00226	1.07E+05
0.00373	1.21E+05
0.00572	1.30E+05
0.00877	1.47E+05
0.0145	1.55E+05
0.023	1.55E+05
0.0379	1.62E+05
0.0541	1.75E+05
0.0891	1.71E+05
0.147	1.84E+05
0.242	1.88E+05
0.358	1.98E+05
0.59	1.93E+05
0.906	1.93E+05
1.49	2.03E+05
2.55	2.03E+05
3.77	2.03E+05
6.22	2.03E+05
9.54	2.04E+05
15.7	2.09E+05
23.3	2.04E+05
38.3	2.04E+05
58.8	2.09E+05
96.9	2.14E+05
1.49E+02	2.09E+05
2.36E+02	2.09E+05
3.89E+02	2.20E+05
6.19E+02	2.20E+05
9.84E+02	2.43E+05
1.51E+03	2.55E+05
2400	2.74E+05
3820	3.03E+05
5650	3.59E+05

