0.0006045	116.3
0.0009611	301
0.002262	1784
0.003597	3893
0.005719	8920
0.008774	17650
0.01395	30940
0.02299	46840
0.03654	62790
0.05607	78220
0.08914	92820
0.1417	1.02E+05
0.242	1.10E+05
0.3583	1.25E+05
0.5903	1.31E+05
0.9386	1.34E+05
1.546	1.48E+05
2.459	1.52E+05
3.772	1.63E+05
5.997	1.67E+05
9.536	1.72E+05
16.28	1.85E+05
23.26	1.85E+05
38.32	2.04E+05
58.8	2.09E+05
96.88	2.14E+05
148.6	2.09E+05
236.3	2.15E+05
389.4	2.20E+05
619.1	2.20E+05
984.3	2.43E+05
1565	2.61E+05
2401	2.74E+05
3817	3.03E+05
5651	3.59E+05

