1.59E-05		4620
2.57E-05		7110
3.99E-05		11290
6.21E-05		17940
0.0001044		25900
0.0001569		3.45E+04
0.0002453		4.12E+04
0.0003986		4.53E+04
0.0006486		4.61E+04
0.001056		4.61E+04
0.001597		4.13E+04
0.002602		3.88E+04
0.004241		3.58E+04
0.006914		3.26E+04
0.01007		3.06E+04
0.01642		2.70E+04
0.02676		2.49E+04
0.04203		2.27E+04
0.1036		1.90E+04
0.1689		1.70E+04
0.2653		1.55E+04
0.3865		1.39E+04
0.6305		1.22E+04
1.067		1.13E+04
1.613		1.06E+04
2.73		9.49E+03
3.973		9.20E+03
6.469		9.06E+03
9.769		9.06E+03
15.9		9.22E+03
23.98		9.83E+03
38.94		1.14E+04
60.9		1.33E+04
102.5		1.67E+04
154.2		2.15E+04
240.6		2.92E+04
3.90E+02		3.83E+04
6.31E+02		5.26E+04
9.50E+02		6.58E+04
1.43E+03		8.64E+04
2.40E+03		1.15E+05
3.75E+03		1.46E+05
5.85E+03		1.95E+05

