0.0006784		2927
0.001096		4650
0.001643		7155
0.002558		11190
0.004137		16670
6.94E-03		25250
1.01E-02		34750
1.63E-02		42780
2.65E-02		46360
4.31E-02		47140
6.52E-02		43560
9.86E-02		39610
1.61E-01		39640
2.52E-01		36630
3.96E-01		33850
5.98E-01		32810
1.05E+00		30320
1.65E+00		28470
2.59E+00		25480
3.91E+00		23170
6.38E+00		21420
10.4		19480
16.94		18580
25.59		18300
38.64		18310
62.83		19530
102.1		21510
148.1		25640
631.9		49390
986.8		62770
1483		83680
2317		1.06E+05
3754		1.40E+05
5649		1.75E+05

