8.4160E-02	1.0143E+03
1.0000E-01	1.4730E+03
1.1694E-01	1.8463E+03
1.3895E-01	2.6258E+03
1.6249E-01	3.3161E+03
1.9307E-01	4.5922E+03
2.2578E-01	5.8546E+03
2.6827E-01	7.8799E+03
3.1372E-01	1.0015E+04
3.7276E-01	1.3132E+04
4.3591E-01	1.6477E+04
5.1795E-01	2.0979E+04
6.0569E-01	2.5689E+04
6.1926E-01	2.5976E+04
6.2690E-01	2.6330E+04
7.1969E-01	3.1634E+04
8.4160E-01	3.7636E+04
8.6045E-01	3.8068E+04
8.7108E-01	3.8511E+04
1.0000E+00	4.4849E+04
1.1694E+00	5.1748E+04
1.1956E+00	5.2502E+04
1.2104E+00	5.3025E+04
1.3895E+00	5.9752E+04
1.6249E+00	6.7086E+04
1.6613E+00	6.8298E+04
1.6818E+00	6.8881E+04
1.9307E+00	7.5481E+04
2.2578E+00	8.2862E+04
2.3083E+00	8.4526E+04
2.3368E+00	8.5094E+04
2.6827E+00	9.1407E+04
3.1372E+00	9.8620E+04
3.2074E+00	1.0100E+05
3.2470E+00	1.0100E+05
3.7276E+00	1.0700E+05
4.3591E+00	1.1400E+05
4.4567E+00	1.1600E+05
4.5117E+00	1.1700E+05
5.1795E+00	1.2200E+05
6.0569E+00	1.2900E+05
6.1926E+00	1.3200E+05
6.2690E+00	1.3200E+05
6.8733E+00	1.3900E+05
7.1969E+00	1.3700E+05
8.4160E+00	1.4400E+05
8.6045E+00	1.4700E+05
8.7108E+00	1.4800E+05
9.5505E+00	1.5500E+05
1.0000E+01	1.5200E+05
1.1694E+01	1.5800E+05
1.1956E+01	1.6200E+05
1.2104E+01	1.6200E+05
1.3270E+01	1.6900E+05
1.3895E+01	1.6600E+05
1.6249E+01	1.7200E+05
1.6613E+01	1.7600E+05
1.6818E+01	1.7700E+05
1.8439E+01	1.8400E+05
1.9307E+01	1.8000E+05
2.2578E+01	1.8500E+05
2.3083E+01	1.9000E+05
2.3368E+01	1.9100E+05
2.5621E+01	1.9800E+05
2.6827E+01	1.9400E+05
3.2074E+01	2.0400E+05
3.2470E+01	2.0500E+05
3.5600E+01	2.1200E+05
3.7276E+01	2.0700E+05
4.4567E+01	2.1800E+05
4.5117E+01	2.1800E+05
4.9466E+01	2.2500E+05
5.1795E+01	2.2100E+05
6.1926E+01	2.3100E+05
6.2690E+01	2.3200E+05
6.8733E+01	2.3900E+05
7.1969E+01	2.3400E+05
8.0242E+01	2.4800E+05
8.6045E+01	2.4500E+05
8.7108E+01	2.4600E+05
9.5505E+01	2.5300E+05
1.0000E+02	2.4700E+05
1.1150E+02	2.6200E+05
1.1956E+02	2.5900E+05
1.2104E+02	2.5900E+05
1.3270E+02	2.6700E+05
1.5492E+02	2.7600E+05
1.6613E+02	2.7400E+05
1.6818E+02	2.7400E+05
1.8439E+02	2.8100E+05
2.1526E+02	2.9100E+05
2.3083E+02	2.8900E+05
2.3368E+02	2.8900E+05
2.5621E+02	2.9700E+05
2.9911E+02	3.0700E+05
3.2074E+02	3.0500E+05
3.2470E+02	3.0600E+05
3.5600E+02	3.1400E+05
4.1561E+02	3.2500E+05
4.4567E+02	3.2400E+05
4.5117E+02	3.2400E+05
4.9466E+02	3.3200E+05
5.7749E+02	3.4500E+05
6.1926E+02	3.4400E+05
6.2690E+02	3.4400E+05
6.8733E+02	3.5300E+05
8.0242E+02	3.6800E+05
9.5505E+02	3.7700E+05
1.1150E+03	3.9500E+05
1.3270E+03	4.0500E+05
1.5310E+03	4.2800E+05
1.5492E+03	4.2600E+05
1.8439E+03	4.3700E+05
2.1273E+03	4.6200E+05
2.1526E+03	4.6200E+05
2.5621E+03	4.7400E+05
2.9559E+03	5.0100E+05
2.9911E+03	5.0200E+05
3.5600E+03	5.1600E+05
4.1072E+03	5.4600E+05
4.1561E+03	5.4700E+05
4.9466E+03	5.6200E+05
5.7069E+03	5.9400E+05
5.7749E+03	5.9600E+05
6.8733E+03	6.1200E+05
7.9298E+03	6.4600E+05
8.0242E+03	6.4900E+05
1.1018E+04	7.0300E+05
1.1150E+04	7.0600E+05
1.5310E+04	7.6200E+05
1.5492E+04	7.6600E+05
2.0721E+04	8.1800E+05
2.1273E+04	8.2600E+05
2.1526E+04	8.2900E+05
2.8792E+04	8.8400E+05
2.9559E+04	8.9200E+05
2.9911E+04	8.9400E+05
4.0007E+04	9.5000E+05
4.1072E+04	9.5900E+05
4.1561E+04	9.5900E+05
5.5589E+04	1.0200E+06
5.7069E+04	1.0300E+06
5.7749E+04	1.0200E+06
7.7241E+04	1.0900E+06
7.9298E+04	1.1000E+06
8.0242E+04	1.0900E+06
1.0700E+05	1.1600E+06
1.1000E+05	1.1600E+06
1.4900E+05	1.2200E+06
1.5300E+05	1.2300E+06
2.0700E+05	1.2900E+06
2.1300E+05	1.3000E+06
2.8800E+05	1.3500E+06
2.9600E+05	1.3600E+06
3.6500E+05	1.3900E+06
4.0000E+05	1.4200E+06
4.1100E+05	1.4200E+06
5.0700E+05	1.4600E+06
5.5600E+05	1.4800E+06
5.7100E+05	1.4900E+06
7.0500E+05	1.5300E+06
7.7200E+05	1.5600E+06
7.9300E+05	1.5500E+06
9.7900E+05	1.6000E+06
1.0700E+06	1.6400E+06
1.1000E+06	1.6300E+06
1.3600E+06	1.6900E+06
1.4900E+06	1.7200E+06
1.5300E+06	1.7100E+06
1.8900E+06	1.8000E+06
2.0700E+06	1.8200E+06
2.6300E+06	1.9200E+06
2.8800E+06	1.9500E+06
3.6500E+06	2.0600E+06
4.0000E+06	2.1000E+06
5.0700E+06	2.2400E+06
5.5600E+06	2.2800E+06
7.0500E+06	2.4400E+06
7.7200E+06	2.4900E+06
9.7900E+06	2.7100E+06
1.0700E+07	2.7500E+06
1.3600E+07	3.0000E+06
1.4900E+07	3.0500E+06
1.8900E+07	3.3600E+06
2.0700E+07	3.4200E+06
2.6300E+07	3.8000E+06
3.6500E+07	4.3400E+06
5.0700E+07	4.9700E+06
7.0500E+07	5.8000E+06
9.7900E+07	6.7900E+06
1.3600E+08	8.0900E+06
1.8900E+08	9.8400E+06
2.6300E+08	1.2200E+07
3.6500E+08	1.5700E+07

