2.2580E-02	2.5711E+03
3.1370E-02	3.5609E+03
4.3590E-02	4.9188E+03
6.0570E-02	6.7851E+03
8.4160E-02	9.3345E+03
1.0000E-01	1.1054E+04
1.1694E-01	1.2755E+04
1.3895E-01	1.5007E+04
1.6249E-01	1.7282E+04
1.9307E-01	2.0135E+04
2.2578E-01	2.3072E+04
2.6827E-01	2.6588E+04
3.1372E-01	3.0150E+04
3.7276E-01	3.4219E+04
4.3591E-01	3.8193E+04
5.1795E-01	4.2506E+04
6.0569E-01	4.6508E+04
6.1926E-01	4.7134E+04
6.2690E-01	4.7453E+04
7.1969E-01	5.0594E+04
8.4160E-01	5.4117E+04
8.6045E-01	5.5003E+04
8.7108E-01	5.5278E+04
1.0000E+00	5.7599E+04
1.1694E+00	6.0250E+04
1.1956E+00	6.1371E+04
1.2104E+00	6.1587E+04
1.3895E+00	6.2788E+04
1.6249E+00	6.4524E+04
1.6613E+00	6.5794E+04
1.6818E+00	6.5927E+04
1.9307E+00	6.6166E+04
2.2578E+00	6.7121E+04
2.3083E+00	6.8495E+04
2.3368E+00	6.8640E+04
2.6827E+00	6.8069E+04
3.1372E+00	6.8578E+04
3.2074E+00	6.9866E+04
3.2470E+00	6.9921E+04
3.7276E+00	6.9015E+04
4.3591E+00	6.9255E+04
4.4567E+00	7.0541E+04
4.5117E+00	7.0519E+04
5.1795E+00	6.9269E+04
6.0569E+00	6.9515E+04
6.1926E+00	7.0448E+04
6.2690E+00	7.0490E+04
6.8733E+00	7.1314E+04
7.1969E+00	6.9236E+04
8.4160E+00	6.9600E+04
8.6045E+00	7.0171E+04
8.7108E+00	7.0180E+04
9.5505E+00	7.0823E+04
1.0000E+01	6.9015E+04
1.1694E+01	6.9690E+04
1.1956E+01	6.9817E+04
1.2104E+01	6.9860E+04
1.3270E+01	7.0409E+04
1.3895E+01	6.8954E+04
1.6249E+01	6.9851E+04
1.6613E+01	6.9605E+04
1.6818E+01	6.9544E+04
1.8439E+01	7.0010E+04
1.9307E+01	6.9219E+04
2.2578E+01	7.0224E+04
2.3083E+01	6.9499E+04
2.3368E+01	6.9631E+04
2.5621E+01	6.9966E+04
2.6827E+01	6.9555E+04
3.2074E+01	6.9818E+04
3.2470E+01	6.9930E+04
3.5600E+01	7.0145E+04
3.7276E+01	7.0520E+04
4.4567E+01	7.0844E+04
4.5117E+01	7.0844E+04
4.9466E+01	7.0895E+04
5.1795E+01	7.2216E+04
6.1926E+01	7.2439E+04
6.2690E+01	7.2548E+04
6.8733E+01	7.2451E+04
7.1969E+01	7.4873E+04
8.0242E+01	7.1641E+04
8.6045E+01	7.5041E+04
8.7108E+01	7.5349E+04
9.5505E+01	7.5064E+04
1.0000E+02	7.8374E+04
1.1150E+02	7.5260E+04
1.1956E+02	7.8758E+04
1.2104E+02	7.8943E+04
1.3270E+02	7.8826E+04
1.5492E+02	8.0321E+04
1.6613E+02	8.3957E+04
1.6818E+02	8.4196E+04
1.8439E+02	8.3819E+04
2.1526E+02	8.6690E+04
2.3083E+02	9.0894E+04
2.3368E+02	9.1094E+04
2.5621E+02	9.0588E+04
2.9911E+02	9.4915E+04
3.2074E+02	9.9711E+04
3.2470E+02	9.9963E+04
3.5600E+02	9.8992E+04
4.1561E+02	1.0500E+05
4.4567E+02	1.1100E+05
4.5117E+02	1.1100E+05
4.9466E+02	1.1000E+05
5.7749E+02	1.1800E+05
6.1926E+02	1.2400E+05
6.2690E+02	1.2400E+05
6.8733E+02	1.2300E+05
8.0242E+02	1.3200E+05
9.5505E+02	1.3800E+05
1.1150E+03	1.4700E+05
1.3270E+03	1.5500E+05
1.5310E+03	1.6100E+05
1.5492E+03	1.6500E+05
1.8439E+03	1.7400E+05
2.1273E+03	1.7900E+05
2.1526E+03	1.8300E+05
2.5621E+03	1.9300E+05
2.9559E+03	1.9800E+05
2.9911E+03	2.0200E+05
3.5600E+03	2.1400E+05
4.1072E+03	2.1700E+05
4.1561E+03	2.2100E+05
4.9466E+03	2.3300E+05
5.7069E+03	2.3500E+05
5.7749E+03	2.3800E+05
6.8733E+03	2.5200E+05
7.9298E+03	2.5300E+05
8.0242E+03	2.5500E+05
1.1018E+04	2.6900E+05
1.1150E+04	2.7000E+05
1.5310E+04	2.8300E+05
1.5492E+04	2.8400E+05
2.0721E+04	2.9500E+05
2.1273E+04	2.9700E+05
2.1526E+04	2.9700E+05
2.8792E+04	3.0700E+05
2.9559E+04	3.0800E+05
2.9911E+04	3.0700E+05
4.0007E+04	3.1800E+05
4.1072E+04	3.1800E+05
4.1561E+04	3.1700E+05
5.5589E+04	3.2700E+05
5.7069E+04	3.2600E+05
5.7749E+04	3.2400E+05
7.7241E+04	3.3500E+05
7.9298E+04	3.3400E+05
8.0242E+04	3.3000E+05
1.0700E+05	3.4300E+05
1.1000E+05	3.4100E+05
1.4900E+05	3.5300E+05
1.5300E+05	3.5000E+05
2.0700E+05	3.6400E+05
2.1300E+05	3.6300E+05
2.8800E+05	3.8300E+05
2.9600E+05	3.8200E+05
3.6500E+05	3.9200E+05
4.0000E+05	4.1000E+05
4.1100E+05	4.1200E+05
5.0700E+05	4.3400E+05
5.5600E+05	4.5500E+05
5.7100E+05	4.5600E+05
7.0500E+05	4.9200E+05
7.7200E+05	5.1000E+05
7.9300E+05	5.1700E+05
9.7900E+05	5.6700E+05
1.0700E+06	5.9300E+05
1.1000E+06	5.9800E+05
1.3600E+06	6.6400E+05
1.4900E+06	6.9900E+05
1.5300E+06	6.9900E+05
1.8900E+06	7.9000E+05
2.0700E+06	8.3100E+05
2.6300E+06	9.5900E+05
2.8800E+06	1.0000E+06
3.6500E+06	1.1700E+06
4.0000E+06	1.2100E+06
5.0700E+06	1.4300E+06
5.5600E+06	1.4800E+06
7.0500E+06	1.7500E+06
7.7200E+06	1.8200E+06
9.7900E+06	2.1800E+06
1.0700E+07	2.2300E+06
1.3600E+07	2.6900E+06
1.4900E+07	2.7400E+06
1.8900E+07	3.3400E+06
2.0700E+07	3.3800E+06
2.6300E+07	4.1800E+06
3.6500E+07	5.2600E+06
5.0700E+07	6.6600E+06
7.0500E+07	8.4500E+06
9.7900E+07	1.0800E+07
1.3600E+08	1.3900E+07
1.8900E+08	1.7900E+07
2.6300E+08	2.3100E+07
3.6500E+08	2.9800E+07

