1.4700E-03	3.4500E+05	1.4700E-03	3.1300E+05
2.6100E-03	4.6000E+05	2.6100E-03	3.5200E+05
4.6500E-03	5.9300E+05	4.6500E-03	3.7300E+05
8.2600E-03	7.3400E+05	8.2600E-03	3.8200E+05
1.4690E-02	8.7300E+05	1.4690E-02	3.7900E+05
2.6120E-02	1.0100E+06	2.6120E-02	3.7200E+05
2.6680E-02	1.0500E+06	2.6680E-02	3.2800E+05
4.2290E-02	1.1400E+06	4.2290E-02	3.3100E+05
4.6450E-02	1.1400E+06	4.6450E-02	3.6800E+05
6.7020E-02	1.2300E+06	6.7020E-02	3.3000E+05
8.2600E-02	1.2700E+06	8.2600E-02	3.6500E+05
1.0000E-01	1.3300E+06	1.0000E-01	3.1200E+05
1.0622E-01	1.3300E+06	1.0622E-01	3.3500E+05
1.4689E-01	1.4000E+06	1.4689E-01	3.6800E+05
1.5849E-01	1.4100E+06	1.5849E-01	3.2600E+05
1.6835E-01	1.4200E+06	1.6835E-01	3.4300E+05
2.5119E-01	1.5000E+06	2.5119E-01	3.4500E+05
2.6121E-01	1.5200E+06	2.6121E-01	3.7900E+05
2.6683E-01	1.5100E+06	2.6683E-01	3.6100E+05
3.9811E-01	1.5900E+06	3.9811E-01	3.7100E+05
4.2290E-01	1.6100E+06	4.2290E-01	3.8400E+05
4.5013E-01	1.6500E+06	4.5013E-01	3.7500E+05
4.6450E-01	1.6500E+06	4.6450E-01	4.0400E+05
6.3097E-01	1.7000E+06	6.3097E-01	4.0800E+05
6.7026E-01	1.7200E+06	6.7026E-01	4.1800E+05
7.1340E-01	1.7700E+06	7.1340E-01	4.1700E+05
8.2599E-01	1.7900E+06	8.2599E-01	4.4200E+05
1.0000E+00	1.8100E+06	1.0000E+00	4.5400E+05
1.0623E+00	1.8400E+06	1.0623E+00	4.6400E+05
1.1179E+00	1.9200E+06	1.1179E+00	5.2800E+05
1.1307E+00	1.8900E+06	1.1307E+00	4.6800E+05
1.4688E+00	1.9500E+06	1.4688E+00	4.9800E+05
1.5850E+00	1.9400E+06	1.5850E+00	5.0900E+05
1.6837E+00	1.9700E+06	1.6837E+00	5.1900E+05
1.7718E+00	2.0400E+06	1.7718E+00	5.6700E+05
1.7920E+00	2.0300E+06	1.7920E+00	5.2500E+05
2.5120E+00	2.1000E+06	2.5120E+00	5.7100E+05
2.6119E+00	2.1300E+06	2.6119E+00	5.7200E+05
2.6684E+00	2.1200E+06	2.6684E+00	5.8200E+05
2.8082E+00	2.1900E+06	2.8082E+00	6.2700E+05
2.8402E+00	2.2000E+06	2.8402E+00	5.8600E+05
3.9813E+00	2.2700E+06	3.9813E+00	6.3400E+05
4.2291E+00	2.3000E+06	4.2291E+00	6.5000E+05
4.4506E+00	2.4000E+06	4.4506E+00	6.5400E+05
4.5014E+00	2.3800E+06	4.5014E+00	6.4600E+05
4.6447E+00	2.3400E+06	4.6447E+00	6.6100E+05
6.3101E+00	2.4600E+06	6.3101E+00	6.9600E+05
6.7027E+00	2.5000E+06	6.7027E+00	7.2000E+05
7.0538E+00	2.5900E+06	7.0538E+00	7.2500E+05
7.1343E+00	2.5700E+06	7.1343E+00	7.0800E+05
8.2595E+00	2.5900E+06	8.2595E+00	7.5700E+05
1.0001E+01	2.6800E+06	1.0001E+01	7.5900E+05
1.0623E+01	2.7200E+06	1.0623E+01	7.8900E+05
1.1180E+01	2.8400E+06	1.1180E+01	7.5700E+05
1.1307E+01	2.7900E+06	1.1307E+01	7.6800E+05
1.4688E+01	2.8900E+06	1.4688E+01	8.6000E+05
1.5850E+01	2.9100E+06	1.5850E+01	8.1900E+05
1.6837E+01	2.9500E+06	1.6837E+01	8.6100E+05
1.7719E+01	3.0800E+06	1.7719E+01	8.1300E+05
1.7921E+01	3.0300E+06	1.7921E+01	8.2700E+05
2.5121E+01	3.1500E+06	2.5121E+01	8.7900E+05
2.6682E+01	3.2100E+06	2.6682E+01	9.3000E+05
2.8083E+01	3.3300E+06	2.8083E+01	8.5400E+05
2.8403E+01	3.2800E+06	2.8403E+01	8.8600E+05
2.9744E+01	3.4500E+06	2.9744E+01	8.6800E+05
3.9814E+01	3.4200E+06	3.9814E+01	9.3800E+05
4.4509E+01	3.5900E+06	4.4509E+01	8.9700E+05
4.5016E+01	3.5500E+06	4.5016E+01	9.4100E+05
4.7141E+01	3.7200E+06	4.7141E+01	9.2700E+05
6.3101E+01	3.7000E+06	6.3101E+01	9.9700E+05
7.0543E+01	3.8700E+06	7.0543E+01	9.3000E+05
7.1346E+01	3.8300E+06	7.1346E+01	9.9600E+05
7.4714E+01	3.9800E+06	7.4714E+01	9.8700E+05
1.0000E+02	4.0000E+06	1.0000E+02	1.0600E+06
1.1180E+02	4.1600E+06	1.1180E+02	9.9700E+05
1.1308E+02	4.1300E+06	1.1308E+02	1.0500E+06
1.1841E+02	4.2800E+06	1.1841E+02	9.8600E+05
1.7720E+02	4.4500E+06	1.7720E+02	1.0400E+06
1.7921E+02	4.4500E+06	1.7921E+02	1.1100E+06
1.8329E+02	4.4000E+06	1.8329E+02	1.0300E+06
1.8768E+02	4.5100E+06	1.8768E+02	1.0500E+06
2.8083E+02	4.7700E+06	2.8083E+02	1.0800E+06
2.8403E+02	4.7800E+06	2.8403E+02	1.1600E+06
2.9049E+02	4.8000E+06	2.9049E+02	1.0600E+06
2.9745E+02	4.8500E+06	2.9745E+02	1.0600E+06
4.4509E+02	5.1100E+06	4.4509E+02	1.1200E+06
4.5013E+02	5.1300E+06	4.5013E+02	1.2100E+06
4.6041E+02	5.1100E+06	4.6041E+02	1.1100E+06
4.7143E+02	5.1500E+06	4.7143E+02	1.1000E+06
7.0543E+02	5.4500E+06	7.0543E+02	1.1500E+06
7.2969E+02	5.4600E+06	7.2969E+02	1.1000E+06
7.4718E+02	5.4800E+06	7.4718E+02	1.1300E+06
7.5021E+02	5.1800E+06	7.5021E+02	1.1500E+06
1.1179E+03	5.8000E+06	1.1179E+03	1.1700E+06
1.1565E+03	5.7300E+06	1.1565E+03	1.1100E+06
1.1842E+03	5.7900E+06	1.1842E+03	1.1300E+06
1.1890E+03	5.6200E+06	1.1890E+03	1.1700E+06
1.8330E+03	6.0900E+06	1.8330E+03	1.1000E+06
1.8769E+03	6.1500E+06	1.8769E+03	1.1300E+06
1.8844E+03	5.9900E+06	1.8844E+03	1.1900E+06
1.8845E+03	5.8300E+06	1.8845E+03	9.9100E+05
2.9051E+03	6.4100E+06	2.9051E+03	1.0900E+06
2.9746E+03	6.4900E+06	2.9746E+03	1.1500E+06
2.9866E+03	6.3700E+06	2.9866E+03	1.1100E+06
2.9867E+03	6.0100E+06	2.9867E+03	9.9100E+05
4.6043E+03	6.7300E+06	4.6043E+03	1.0700E+06
4.7145E+03	6.8100E+06	4.7145E+03	1.1400E+06
4.7335E+03	6.6800E+06	4.7335E+03	1.0900E+06
4.7336E+03	6.2800E+06	4.7336E+03	1.0200E+06
7.2973E+03	7.0000E+06	7.2973E+03	1.0800E+06
7.4719E+03	7.1300E+06	7.4719E+03	1.1200E+06
7.5023E+03	6.9900E+06	7.5023E+03	1.0800E+06
7.5023E+03	6.5800E+06	7.5023E+03	9.6400E+05
1.1389E+04	7.0800E+06	1.1389E+04	1.1500E+06
1.1566E+04	7.3000E+06	1.1566E+04	1.0600E+06
1.1842E+04	7.4300E+06	1.1842E+04	1.1100E+06
1.1890E+04	7.2700E+06	1.1890E+04	1.1000E+06
1.1891E+04	6.8100E+06	1.1891E+04	1.0200E+06
1.8050E+04	7.2800E+06	1.8050E+04	1.2100E+06
1.8330E+04	7.5400E+06	1.8330E+04	1.1200E+06
1.8769E+04	7.7100E+06	1.8769E+04	1.1400E+06
1.8845E+04	7.5400E+06	1.8845E+04	1.1700E+06
1.8845E+04	7.0600E+06	1.8845E+04	1.1200E+06
2.8608E+04	7.5500E+06	2.8608E+04	1.3200E+06
2.9052E+04	7.8100E+06	2.9052E+04	1.2100E+06
2.9744E+04	7.9800E+06	2.9744E+04	1.2200E+06
2.9868E+04	7.7800E+06	2.9868E+04	1.3100E+06
2.9868E+04	7.3100E+06	2.9868E+04	1.3000E+06
4.5340E+04	7.8100E+06	4.5340E+04	1.5900E+06
4.6043E+04	8.0700E+06	4.6043E+04	1.3800E+06
4.7338E+04	8.0700E+06	4.7338E+04	1.5300E+06
4.7339E+04	7.6100E+06	4.7339E+04	1.5900E+06
7.1860E+04	8.1900E+06	7.1860E+04	1.9600E+06
7.2974E+04	8.3800E+06	7.2974E+04	1.6500E+06
7.5026E+04	8.4100E+06	7.5026E+04	1.8900E+06
7.5027E+04	7.9400E+06	7.5027E+04	2.0100E+06
1.1400E+05	8.5900E+06	1.1400E+05	2.5500E+06
1.1600E+05	8.7400E+06	1.1600E+05	2.0600E+06
1.1900E+05	8.8200E+06	1.1900E+05	2.4000E+06
1.1900E+05	8.3900E+06	1.1900E+05	2.6100E+06
1.8100E+05	9.1600E+06	1.8100E+05	3.2800E+06
1.8300E+05	9.1700E+06	1.8300E+05	2.6200E+06
1.8800E+05	9.3300E+06	1.8800E+05	3.1000E+06
1.8800E+05	8.9600E+06	1.8800E+05	3.4600E+06
2.8600E+05	9.8900E+06	2.8600E+05	4.3600E+06
2.9900E+05	1.0000E+07	2.9900E+05	4.0500E+06
2.9900E+05	9.7200E+06	2.9900E+05	4.5900E+06
4.5300E+05	1.0800E+07	4.5300E+05	5.7500E+06
4.7300E+05	1.0900E+07	4.7300E+05	5.3500E+06
4.7300E+05	1.0700E+07	4.7300E+05	6.1000E+06
5.5500E+05	1.0500E+07	5.5500E+05	7.0500E+06
7.1900E+05	1.2100E+07	7.1900E+05	7.6700E+06
7.5000E+05	1.2000E+07	7.5000E+05	7.0900E+06
7.5000E+05	1.2100E+07	7.5000E+05	8.1300E+06
8.7900E+05	1.1900E+07	8.7900E+05	9.2300E+06
1.1400E+06	1.3700E+07	1.1400E+06	1.0300E+07
1.1900E+06	1.3800E+07	1.1900E+06	1.0900E+07
1.3900E+06	1.3500E+07	1.3900E+06	1.2400E+07
1.8100E+06	1.5800E+07	1.8100E+06	1.3800E+07
1.8800E+06	1.6000E+07	1.8800E+06	1.4500E+07
2.2100E+06	1.5500E+07	2.2100E+06	1.6700E+07
2.8600E+06	1.8500E+07	2.8600E+06	1.8600E+07
3.5000E+06	1.8400E+07	3.5000E+06	2.3100E+07
4.5300E+06	2.2000E+07	4.5300E+06	2.5200E+07
5.5500E+06	2.1700E+07	5.5500E+06	3.1300E+07
7.1900E+06	2.6500E+07	7.1900E+06	3.4400E+07
8.7900E+06	2.6500E+07	8.7900E+06	4.4100E+07
1.1400E+07	3.2100E+07	1.1400E+07	4.6600E+07
1.3900E+07	3.2900E+07	1.3900E+07	6.2200E+07
2.2100E+07	4.1600E+07	2.2100E+07	8.8700E+07
3.5000E+07	5.5700E+07	3.5000E+07	1.2700E+08
5.5500E+07	7.8600E+07	5.5500E+07	1.8100E+08
8.7900E+07	1.1800E+08	8.7900E+07	2.5400E+08
1.3900E+08	1.8200E+08	1.3900E+08	3.4800E+08
2.2200E+08	2.8400E+08	2.2200E+08	4.5700E+08

