2.6200E-04	2.1479E+04	2.6200E-04	8.2569E+03
4.1500E-04	2.3796E+04	4.1500E-04	8.1164E+03
6.5800E-04	2.6128E+04	6.5800E-04	8.2289E+03
6.6500E-04	2.9037E+04	6.6500E-04	8.6855E+03
1.0400E-03	2.8439E+04	1.0400E-03	8.2895E+03
1.0500E-03	3.1994E+04	1.0500E-03	8.9836E+03
1.6500E-03	3.0693E+04	1.6500E-03	8.4236E+03
1.6700E-03	3.4388E+04	1.6700E-03	9.2134E+03
2.2900E-03	3.2338E+04	2.2900E-03	8.2996E+03
2.6200E-03	3.3016E+04	2.6200E-03	8.6066E+03
2.6500E-03	3.7084E+04	2.6500E-03	9.6210E+03
3.6300E-03	3.4690E+04	3.6300E-03	8.9097E+03
4.1500E-03	3.5322E+04	4.1500E-03	9.4939E+03
4.2000E-03	3.9612E+04	4.2000E-03	1.0543E+04
4.7300E-03	3.6559E+04	4.7300E-03	9.8377E+03
5.7500E-03	3.7022E+04	5.7500E-03	9.7710E+03
6.3100E-03	4.1225E+04	6.3100E-03	1.1335E+04
6.5800E-03	3.8004E+04	6.5800E-03	1.0387E+04
6.6200E-03	3.7928E+04	6.6200E-03	1.0533E+04
6.6500E-03	4.2681E+04	6.6500E-03	1.1584E+04
7.4900E-03	3.9204E+04	7.4900E-03	1.1001E+04
9.1100E-03	3.9732E+04	9.1100E-03	1.1036E+04
1.0000E-02	4.4228E+04	1.0000E-02	1.2537E+04
1.0000E-02	4.6022E+04	1.0000E-02	1.1462E+04
1.0440E-02	4.0672E+04	1.0440E-02	1.1820E+04
1.0500E-02	4.0941E+04	1.0500E-02	1.1558E+04
1.0540E-02	4.5549E+04	1.0540E-02	1.3368E+04
1.1870E-02	4.2013E+04	1.1870E-02	1.2588E+04
1.4430E-02	4.2894E+04	1.4430E-02	1.2854E+04
1.5850E-02	4.7537E+04	1.5850E-02	1.4570E+04
1.5850E-02	4.9149E+04	1.5850E-02	1.3494E+04
1.6540E-02	4.4035E+04	1.6540E-02	1.4153E+04
1.6630E-02	4.4045E+04	1.6630E-02	1.4627E+04
1.6700E-02	4.9133E+04	1.6700E-02	1.5974E+04
1.8820E-02	4.5234E+04	1.8820E-02	1.4945E+04
1.8940E-02	4.7944E+04	1.8940E-02	1.3503E+04
2.2870E-02	4.6538E+04	2.2870E-02	1.5653E+04
2.5120E-02	5.2517E+04	2.5120E-02	1.5912E+04
2.5120E-02	5.1375E+04	2.5120E-02	1.7609E+04
2.6210E-02	4.7908E+04	2.6210E-02	1.6882E+04
2.6360E-02	4.7944E+04	2.6360E-02	1.6803E+04
2.6470E-02	5.2882E+04	2.6470E-02	1.9200E+04
2.9820E-02	4.9135E+04	2.9820E-02	1.8343E+04
3.0020E-02	5.1600E+04	3.0020E-02	1.7370E+04
3.6250E-02	5.1354E+04	3.6250E-02	1.9507E+04
3.9810E-02	5.7373E+04	3.9810E-02	1.9666E+04
3.9810E-02	5.6564E+04	3.9810E-02	2.2198E+04
4.1540E-02	5.2663E+04	4.1540E-02	2.0871E+04
4.1790E-02	5.2776E+04	4.1790E-02	2.0969E+04
4.1960E-02	5.8177E+04	4.1960E-02	2.3419E+04
4.7270E-02	5.4392E+04	4.7270E-02	2.2460E+04
4.7580E-02	5.7120E+04	4.7580E-02	2.1270E+04
5.7460E-02	5.7382E+04	5.7460E-02	2.4201E+04
6.3090E-02	6.2904E+04	6.3090E-02	2.7341E+04
6.3090E-02	6.3011E+04	6.3090E-02	2.3900E+04
6.5840E-02	5.9134E+04	6.5840E-02	2.5819E+04
6.6230E-02	5.9123E+04	6.6230E-02	2.6311E+04
6.6500E-02	6.4696E+04	6.6500E-02	2.8559E+04
7.4910E-02	6.1239E+04	7.4910E-02	2.7830E+04
7.5400E-02	6.3681E+04	7.5400E-02	2.6241E+04
9.1070E-02	6.5212E+04	9.1070E-02	2.9724E+04
9.9990E-02	7.0624E+04	9.9990E-02	2.9256E+04
9.9990E-02	7.1315E+04	9.9990E-02	3.3744E+04
1.0435E-01	6.7299E+04	1.0435E-01	3.1849E+04
1.0496E-01	6.7321E+04	1.0496E-01	3.2031E+04
1.0539E-01	7.3264E+04	1.0539E-01	3.4379E+04
1.1873E-01	6.9800E+04	1.1873E-01	3.3916E+04
1.1951E-01	7.2477E+04	1.1951E-01	3.2102E+04
1.4434E-01	7.5310E+04	1.4434E-01	3.6080E+04
1.5847E-01	8.0061E+04	1.5847E-01	3.6057E+04
1.5847E-01	8.1863E+04	1.5847E-01	3.9934E+04
1.6539E-01	7.7743E+04	1.6539E-01	3.8560E+04
1.6635E-01	7.7883E+04	1.6635E-01	3.9082E+04
1.6703E-01	8.3918E+04	1.6703E-01	4.1106E+04
1.8818E-01	8.0631E+04	1.8818E-01	4.0745E+04
1.8941E-01	8.3711E+04	1.8941E-01	3.8793E+04
2.2876E-01	8.7827E+04	2.2876E-01	4.2665E+04
2.5117E-01	9.2325E+04	2.5117E-01	4.3641E+04
2.5117E-01	9.4691E+04	2.5117E-01	4.6751E+04
2.6213E-01	9.0690E+04	2.6213E-01	4.5506E+04
2.6366E-01	9.0690E+04	2.6366E-01	4.6134E+04
2.6473E-01	9.6599E+04	2.6473E-01	4.7885E+04
2.9825E-01	9.4043E+04	2.9825E-01	4.7940E+04
3.0020E-01	9.6220E+04	3.0020E-01	4.6724E+04
3.6256E-01	1.0300E+05	3.6256E-01	4.9178E+04
3.7459E-01	1.0700E+05	3.7459E-01	5.1470E+04
3.9808E-01	1.0700E+05	3.9808E-01	5.1233E+04
3.9808E-01	1.1000E+05	3.9808E-01	5.3676E+04
4.1545E-01	1.0600E+05	4.1545E-01	5.2370E+04
4.1787E-01	1.0600E+05	4.1787E-01	5.3020E+04
4.1957E-01	1.1200E+05	4.1957E-01	5.4541E+04
4.7269E-01	1.1000E+05	4.7269E-01	5.4879E+04
4.7578E-01	1.1100E+05	4.7578E-01	5.4084E+04
5.7462E-01	1.2000E+05	5.7462E-01	5.5371E+04
5.9369E-01	1.2400E+05	5.9369E-01	5.9585E+04
6.3092E-01	1.2700E+05	6.3092E-01	6.0584E+04
6.3092E-01	1.2400E+05	6.3092E-01	5.8401E+04
6.5845E-01	1.2400E+05	6.5845E-01	5.8855E+04
6.6229E-01	1.2400E+05	6.6229E-01	5.9922E+04
6.6497E-01	1.2900E+05	6.6497E-01	6.1131E+04
7.4916E-01	1.2800E+05	7.4916E-01	6.1561E+04
7.5407E-01	1.3000E+05	7.5407E-01	6.1682E+04
9.1071E-01	1.3900E+05	9.1071E-01	6.1192E+04
9.4094E-01	1.4200E+05	9.4094E-01	6.5801E+04
9.9994E-01	1.4400E+05	9.9994E-01	6.5740E+04
9.9994E-01	1.4700E+05	9.9994E-01	6.6932E+04
1.0436E+00	1.4400E+05	1.0436E+00	6.5197E+04
1.0497E+00	1.4400E+05	1.0497E+00	6.6502E+04
1.0539E+00	1.4800E+05	1.0539E+00	6.7382E+04
1.1874E+00	1.4800E+05	1.1874E+00	6.7921E+04
1.1951E+00	1.5100E+05	1.1951E+00	6.8666E+04
1.4434E+00	1.6000E+05	1.4434E+00	6.6538E+04
1.4524E+00	1.6000E+05	1.4524E+00	7.1104E+04
1.4913E+00	1.6300E+05	1.4913E+00	7.2293E+04
1.5848E+00	1.6600E+05	1.5848E+00	7.2277E+04
1.5848E+00	1.6800E+05	1.5848E+00	7.3105E+04
1.6540E+00	1.6500E+05	1.6540E+00	7.0614E+04
1.6636E+00	1.6500E+05	1.6636E+00	7.2786E+04
1.6704E+00	1.6900E+05	1.6704E+00	7.3439E+04
1.8818E+00	1.7000E+05	1.8818E+00	7.4133E+04
1.8942E+00	1.7500E+05	1.8942E+00	7.4728E+04
2.2876E+00	1.8200E+05	2.2876E+00	7.2413E+04
2.3019E+00	1.8300E+05	2.3019E+00	7.6892E+04
2.3636E+00	1.8400E+05	2.3636E+00	7.8530E+04
2.5118E+00	1.9000E+05	2.5118E+00	7.9219E+04
2.5118E+00	1.9100E+05	2.5118E+00	7.8816E+04
2.6214E+00	1.8900E+05	2.6214E+00	7.6315E+04
2.6366E+00	1.8900E+05	2.6366E+00	7.8763E+04
2.6474E+00	1.9100E+05	2.6474E+00	7.9267E+04
2.9825E+00	1.9300E+05	2.9825E+00	8.0178E+04
3.0021E+00	1.9900E+05	3.0021E+00	8.1590E+04
3.6484E+00	2.0500E+05	3.6484E+00	8.1748E+04
3.6704E+00	2.0800E+05	3.6704E+00	8.3071E+04
3.7460E+00	2.0800E+05	3.7460E+00	8.3731E+04
3.9810E+00	2.1600E+05	3.9810E+00	8.5068E+04
3.9810E+00	2.1600E+05	3.9810E+00	8.4926E+04
4.1788E+00	2.1400E+05	4.1788E+00	8.4957E+04
4.1959E+00	2.1500E+05	4.1959E+00	8.5492E+04
4.7270E+00	2.1800E+05	4.7270E+00	8.6674E+04
4.7580E+00	2.2600E+05	4.7580E+00	8.7726E+04
5.7823E+00	2.3000E+05	5.7823E+00	8.8700E+04
5.8171E+00	2.3200E+05	5.8171E+00	8.8891E+04
5.9371E+00	2.3400E+05	5.9371E+00	8.9668E+04
6.3094E+00	2.4200E+05	6.3094E+00	9.0812E+04
6.3095E+00	2.4400E+05	6.3095E+00	9.1529E+04
6.6230E+00	2.4200E+05	6.6230E+00	9.1259E+04
6.6500E+00	2.4100E+05	6.6500E+00	9.1575E+04
7.5410E+00	2.5400E+05	7.5410E+00	9.4012E+04
9.1643E+00	2.5700E+05	9.1643E+00	9.6334E+04
9.2195E+00	2.5900E+05	9.2195E+00	9.3725E+04
9.4098E+00	2.6000E+05	9.4098E+00	9.6160E+04
9.9998E+00	2.7000E+05	9.9998E+00	9.7053E+04
9.9998E+00	2.7400E+05	9.9998E+00	9.8037E+04
1.0497E+01	2.7200E+05	1.0497E+01	9.9079E+04
1.0540E+01	2.6800E+05	1.0540E+01	9.8157E+04
1.1877E+01	2.7400E+05	1.1877E+01	9.7755E+04
1.1952E+01	2.8500E+05	1.1952E+01	1.0100E+05
1.4525E+01	2.8600E+05	1.4525E+01	1.0200E+05
1.4612E+01	2.8800E+05	1.4612E+01	1.0100E+05
1.4914E+01	2.8800E+05	1.4914E+01	1.0300E+05
1.5849E+01	3.0600E+05	1.5849E+01	1.0400E+05
1.5849E+01	3.0000E+05	1.5849E+01	1.0300E+05
1.6704E+01	2.9700E+05	1.6704E+01	1.0500E+05
1.8824E+01	3.0300E+05	1.8824E+01	1.0200E+05
1.8942E+01	3.1800E+05	1.8942E+01	1.0700E+05
2.3020E+01	3.1700E+05	2.3020E+01	1.0800E+05
2.3159E+01	3.1800E+05	2.3159E+01	1.0900E+05
2.3637E+01	3.1900E+05	2.3637E+01	1.0900E+05
2.5119E+01	3.3300E+05	2.5119E+01	1.1000E+05
2.5119E+01	3.4000E+05	2.5119E+01	1.1200E+05
2.6474E+01	3.2900E+05	2.6474E+01	1.1200E+05
2.9834E+01	3.3400E+05	2.9834E+01	1.1100E+05
3.0021E+01	3.5300E+05	3.0021E+01	1.1500E+05
3.6485E+01	3.4900E+05	3.6485E+01	1.1500E+05
3.6705E+01	3.5000E+05	3.6705E+01	1.1600E+05
3.7212E+01	3.5800E+05	3.7212E+01	1.2300E+05
3.7462E+01	3.5200E+05	3.7462E+01	1.1700E+05
3.9811E+01	3.6700E+05	3.9811E+01	1.1700E+05
3.9811E+01	3.7600E+05	3.9811E+01	1.1900E+05
4.1959E+01	3.6200E+05	4.1959E+01	1.2000E+05
4.7284E+01	3.6600E+05	4.7284E+01	1.1800E+05
5.7826E+01	3.8200E+05	5.7826E+01	1.2400E+05
5.8173E+01	3.8500E+05	5.8173E+01	1.2400E+05
5.8977E+01	3.8300E+05	5.8977E+01	1.2200E+05
5.9373E+01	3.8700E+05	5.9373E+01	1.2500E+05
6.3095E+01	4.0400E+05	6.3095E+01	1.2400E+05
6.3096E+01	4.1500E+05	6.3096E+01	1.2600E+05
6.6495E+01	3.9800E+05	6.6495E+01	1.2800E+05
7.4940E+01	4.0400E+05	7.4940E+01	1.2600E+05
7.8330E+01	4.0300E+05	7.8330E+01	1.2800E+05
9.1649E+01	4.1900E+05	9.1649E+01	1.3200E+05
9.2200E+01	4.2300E+05	9.2200E+01	1.3100E+05
9.3472E+01	4.2200E+05	9.3472E+01	1.2700E+05
9.4100E+01	4.2400E+05	9.4100E+01	1.3200E+05
1.0000E+02	4.5800E+05	1.0000E+02	1.3500E+05
1.1877E+02	4.4100E+05	1.1877E+02	1.3300E+05
1.2415E+02	4.3900E+05	1.2415E+02	1.3300E+05
1.4525E+02	4.6000E+05	1.4525E+02	1.3900E+05
1.4613E+02	4.6200E+05	1.4613E+02	1.4000E+05
1.4814E+02	4.6000E+05	1.4814E+02	1.3600E+05
1.4914E+02	4.6400E+05	1.4914E+02	1.4000E+05
1.8825E+02	4.8300E+05	1.8825E+02	1.4300E+05
1.9676E+02	4.8200E+05	1.9676E+02	1.4300E+05
2.3021E+02	5.0200E+05	2.3021E+02	1.4700E+05
2.3160E+02	5.0400E+05	2.3160E+02	1.4700E+05
2.3479E+02	5.0200E+05	2.3479E+02	1.4500E+05
2.3637E+02	5.0700E+05	2.3637E+02	1.4800E+05
2.9836E+02	5.2700E+05	2.9836E+02	1.5100E+05
3.1184E+02	5.2500E+05	3.1184E+02	1.4800E+05
3.6486E+02	5.4700E+05	3.6486E+02	1.5400E+05
3.6706E+02	5.4900E+05	3.6706E+02	1.5500E+05
3.7213E+02	5.4700E+05	3.7213E+02	1.5100E+05
3.7459E+02	5.5200E+05	3.7459E+02	1.5400E+05
4.4648E+02	5.6200E+05	4.4648E+02	1.5100E+05
4.7287E+02	5.7300E+05	4.7287E+02	1.5800E+05
4.9424E+02	5.7100E+05	4.9424E+02	1.5600E+05
5.7826E+02	5.9400E+05	5.7826E+02	1.6000E+05
5.8175E+02	5.9800E+05	5.8175E+02	1.6000E+05
5.8979E+02	5.9400E+05	5.8979E+02	1.5800E+05
7.0763E+02	6.1400E+05	7.0763E+02	1.5600E+05
7.4945E+02	6.2200E+05	7.4945E+02	1.6500E+05
7.8333E+02	6.2000E+05	7.8333E+02	1.6100E+05
9.1649E+02	6.4400E+05	9.1649E+02	1.6500E+05
9.2201E+02	6.4700E+05	9.2201E+02	1.6500E+05
9.3477E+02	6.4200E+05	9.3477E+02	1.6400E+05
1.1215E+03	6.5800E+05	1.1215E+03	1.6000E+05
1.1878E+03	6.7300E+05	1.1878E+03	1.6800E+05
1.2415E+03	6.7200E+05	1.2415E+03	1.6400E+05
1.4524E+03	6.9600E+05	1.4524E+03	1.6700E+05
1.4613E+03	6.9900E+05	1.4613E+03	1.6700E+05
1.4815E+03	6.9500E+05	1.4815E+03	1.6700E+05
1.7775E+03	7.1200E+05	1.7775E+03	1.6400E+05
1.8825E+03	7.2500E+05	1.8825E+03	1.6600E+05
1.9677E+03	7.2400E+05	1.9677E+03	1.6400E+05
2.3160E+03	7.5100E+05	2.3160E+03	1.6500E+05
2.3481E+03	7.4700E+05	2.3481E+03	1.6500E+05
2.8172E+03	7.6300E+05	2.8172E+03	1.6100E+05
2.9836E+03	7.7700E+05	2.9836E+03	1.6300E+05
3.1185E+03	7.7600E+05	3.1185E+03	1.6400E+05
3.6703E+03	8.0300E+05	3.6703E+03	1.6200E+05
3.7214E+03	7.9900E+05	3.7214E+03	1.6200E+05
4.4650E+03	8.1200E+05	4.4650E+03	1.5900E+05
4.7287E+03	8.2900E+05	4.7287E+03	1.5800E+05
4.9426E+03	8.2600E+05	4.9426E+03	1.5800E+05
5.8981E+03	8.4800E+05	5.8981E+03	1.5500E+05
7.0766E+03	8.6300E+05	7.0766E+03	1.5200E+05
7.4945E+03	8.7700E+05	7.4945E+03	1.5000E+05
7.8336E+03	8.7500E+05	7.8336E+03	1.5100E+05
9.3478E+03	8.9200E+05	9.3478E+03	1.4200E+05
1.1050E+04	9.0600E+05	1.1050E+04	1.3600E+05
1.1216E+04	9.0200E+05	1.1216E+04	1.4300E+05
1.1877E+04	9.2000E+05	1.1877E+04	1.4200E+05
1.2416E+04	9.1600E+05	1.2416E+04	1.3600E+05
1.4815E+04	9.3100E+05	1.4815E+04	1.3200E+05
1.7513E+04	9.3900E+05	1.7513E+04	1.3000E+05
1.7776E+04	9.4400E+05	1.7776E+04	1.3400E+05
1.9677E+04	9.5500E+05	1.9677E+04	1.2900E+05
2.3481E+04	9.6700E+05	2.3481E+04	1.2700E+05
2.7756E+04	9.7800E+05	2.7756E+04	1.2400E+05
2.8173E+04	9.7900E+05	2.8173E+04	1.2700E+05
3.1187E+04	9.8900E+05	3.1187E+04	1.2500E+05
3.7212E+04	1.0000E+06	3.7212E+04	1.2400E+05
4.3990E+04	1.0100E+06	4.3990E+04	1.2000E+05
4.4652E+04	1.0100E+06	4.4652E+04	1.2600E+05
4.9428E+04	1.0200E+06	4.9428E+04	1.2400E+05
6.9719E+04	1.0400E+06	6.9719E+04	1.2500E+05
7.0769E+04	1.0400E+06	7.0769E+04	1.2700E+05
7.8338E+04	1.0500E+06	7.8338E+04	1.2900E+05
1.1100E+05	1.0800E+06	1.1100E+05	1.3600E+05
1.1200E+05	1.0800E+06	1.1200E+05	1.3800E+05
1.2400E+05	1.0800E+06	1.2400E+05	1.4200E+05
1.7500E+05	1.1100E+06	1.7500E+05	1.5600E+05
1.7800E+05	1.1100E+06	1.7800E+05	1.5700E+05
1.9700E+05	1.1200E+06	1.9700E+05	1.6500E+05
2.7800E+05	1.1400E+06	2.7800E+05	1.8900E+05
2.8200E+05	1.1400E+06	2.8200E+05	1.8800E+05
3.3300E+05	1.1600E+06	3.3300E+05	2.0600E+05
4.4000E+05	1.1800E+06	4.4000E+05	2.4000E+05
4.4700E+05	1.1800E+06	4.4700E+05	2.3900E+05
5.2800E+05	1.2100E+06	5.2800E+05	2.6500E+05
6.9700E+05	1.2300E+06	6.9700E+05	3.1200E+05
7.0800E+05	1.2300E+06	7.0800E+05	3.1000E+05
8.3700E+05	1.2500E+06	8.3700E+05	3.4300E+05
1.1100E+06	1.3000E+06	1.1100E+06	4.1600E+05
1.1200E+06	1.3000E+06	1.1200E+06	4.1100E+05
1.3300E+06	1.3300E+06	1.3300E+06	4.6900E+05
1.7500E+06	1.3900E+06	1.7500E+06	5.5800E+05
2.1000E+06	1.4300E+06	2.1000E+06	6.2700E+05
2.7800E+06	1.5100E+06	2.7800E+06	7.5200E+05
3.3300E+06	1.5600E+06	3.3300E+06	8.5000E+05
4.4000E+06	1.6800E+06	4.4000E+06	1.0100E+06
5.2800E+06	1.7400E+06	5.2800E+06	1.1400E+06
6.9700E+06	1.8900E+06	6.9700E+06	1.3600E+06
8.3700E+06	1.9700E+06	8.3700E+06	1.5600E+06
1.1100E+07	2.1700E+06	1.1100E+07	1.8300E+06
1.3300E+07	2.2700E+06	1.3300E+07	2.1100E+06
2.1000E+07	2.6600E+06	2.1000E+07	2.8900E+06
3.3300E+07	3.1700E+06	3.3300E+07	3.9800E+06
5.2800E+07	3.8400E+06	5.2800E+07	5.5400E+06
8.3700E+07	4.7500E+06	8.3700E+07	7.7800E+06
1.3300E+08	6.0000E+06	1.3300E+08	1.1000E+07
2.1000E+08	7.8300E+06	2.1000E+08	1.5700E+07
3.3300E+08	1.0600E+07	3.3300E+08	2.2500E+07

