5.8300E-05	2.3577E+01	5.8300E-05	1.9003E+02
9.2300E-05	3.9641E+01	9.2300E-05	2.2911E+02
2.3200E-04	5.5508E+01	1.4600E-04	4.6498E+02
3.6800E-04	1.5756E+02	2.3200E-04	7.9233E+02
5.8300E-04	2.2012E+02	3.6800E-04	1.1690E+03
5.8300E-04	2.7363E+02	5.8300E-04	1.8351E+03
7.3400E-04	4.0124E+02	5.8300E-04	1.7730E+03
9.2300E-04	5.8419E+02	7.3400E-04	2.2726E+03
9.2400E-04	6.0416E+02	9.2300E-04	2.6867E+03
1.0200E-03	9.0853E+02	9.2400E-04	2.7343E+03
1.1600E-03	8.4084E+02	1.0200E-03	2.9738E+03
1.4600E-03	1.2504E+03	1.1600E-03	3.2910E+03
1.4600E-03	1.1842E+03	1.4600E-03	4.0848E+03
1.6200E-03	1.4836E+03	1.4600E-03	4.0141E+03
1.8400E-03	1.6105E+03	1.6200E-03	4.5362E+03
2.3200E-03	2.2235E+03	1.8400E-03	4.7708E+03
2.3200E-03	2.2289E+03	2.3200E-03	5.5423E+03
2.5700E-03	2.5126E+03	2.3200E-03	5.5962E+03
2.9200E-03	2.9275E+03	2.5700E-03	6.3425E+03
3.6800E-03	3.7521E+03	2.9200E-03	6.4993E+03
3.6800E-03	3.7533E+03	3.6800E-03	7.4467E+03
4.0700E-03	4.2583E+03	3.6800E-03	7.4518E+03
4.6300E-03	4.8118E+03	4.0700E-03	8.1666E+03
5.8300E-03	5.9987E+03	4.6300E-03	8.5294E+03
5.8300E-03	5.9916E+03	5.8300E-03	9.5929E+03
6.4500E-03	6.7708E+03	5.8300E-03	9.6132E+03
7.3400E-03	7.2341E+03	6.4500E-03	1.0459E+04
9.2300E-03	8.7569E+03	7.3400E-03	1.0723E+04
9.2400E-03	8.7623E+03	9.2300E-03	1.1918E+04
1.0220E-02	9.4645E+03	9.2400E-03	1.2020E+04
1.1630E-02	1.0331E+04	1.0220E-02	1.2780E+04
1.4640E-02	1.2038E+04	1.1630E-02	1.3277E+04
1.4640E-02	1.2077E+04	1.4640E-02	1.4580E+04
1.6190E-02	1.3309E+04	1.4640E-02	1.4600E+04
1.8430E-02	1.4032E+04	1.6190E-02	1.5268E+04
1.8700E-02	1.4281E+04	1.8430E-02	1.6219E+04
2.3200E-02	1.6170E+04	1.8700E-02	1.6237E+04
2.3200E-02	1.6108E+04	2.3200E-02	1.7882E+04
2.3550E-02	1.6480E+04	2.3200E-02	1.7847E+04
2.5670E-02	1.7366E+04	2.3550E-02	1.7956E+04
2.9210E-02	1.8414E+04	2.5670E-02	1.8591E+04
2.9640E-02	1.8744E+04	2.9210E-02	1.9763E+04
3.6760E-02	2.1139E+04	2.9640E-02	1.9948E+04
3.6770E-02	2.1004E+04	3.6760E-02	2.1925E+04
3.7320E-02	2.1333E+04	3.6770E-02	2.1859E+04
4.0680E-02	2.2443E+04	3.7320E-02	2.1976E+04
4.6300E-02	2.3893E+04	4.0680E-02	2.2666E+04
4.6980E-02	2.4236E+04	4.6300E-02	2.4196E+04
5.8270E-02	2.7335E+04	4.6980E-02	2.4326E+04
5.8280E-02	2.7126E+04	5.8270E-02	2.6849E+04
5.9140E-02	2.7608E+04	5.8280E-02	2.6745E+04
6.4470E-02	2.8769E+04	5.9140E-02	2.6764E+04
7.3370E-02	3.0877E+04	6.4470E-02	2.7491E+04
7.4450E-02	3.1310E+04	7.3370E-02	2.9520E+04
9.2350E-02	3.5166E+04	7.4450E-02	2.9628E+04
9.2370E-02	3.5019E+04	9.2350E-02	3.2536E+04
9.3730E-02	3.5449E+04	9.2370E-02	3.2441E+04
1.0218E-01	3.6926E+04	9.3730E-02	3.2534E+04
1.0268E-01	3.7262E+04	1.0218E-01	3.3289E+04
1.1629E-01	3.9783E+04	1.0268E-01	3.3452E+04
1.1800E-01	4.0108E+04	1.1629E-01	3.5575E+04
1.2931E-01	4.2046E+04	1.1800E-01	3.5686E+04
1.4636E-01	4.5064E+04	1.2931E-01	3.6703E+04
1.4639E-01	4.4977E+04	1.4636E-01	3.8822E+04
1.4855E-01	4.5389E+04	1.4639E-01	3.8842E+04
1.6194E-01	4.7070E+04	1.4855E-01	3.8850E+04
1.6279E-01	4.7290E+04	1.6194E-01	3.9855E+04
1.8429E-01	5.0768E+04	1.6279E-01	3.9942E+04
1.8701E-01	5.1197E+04	1.8429E-01	4.2073E+04
2.0493E-01	5.3191E+04	1.8701E-01	4.2134E+04
2.3197E-01	5.7156E+04	2.0493E-01	4.3352E+04
2.3201E-01	5.7058E+04	2.3197E-01	4.5391E+04
2.3543E-01	5.7549E+04	2.3201E-01	4.5368E+04
2.5666E-01	5.9452E+04	2.3543E-01	4.5512E+04
2.5799E-01	5.9937E+04	2.5666E-01	4.6629E+04
2.9208E-01	6.3958E+04	2.5799E-01	4.6662E+04
2.9638E-01	6.4411E+04	2.9208E-01	4.8668E+04
3.2479E-01	6.6796E+04	2.9638E-01	4.8764E+04
3.6765E-01	7.1390E+04	3.2479E-01	5.0148E+04
3.6771E-01	7.1305E+04	3.6765E-01	5.1905E+04
3.7312E-01	7.1758E+04	3.6771E-01	5.1897E+04
4.0679E-01	7.4342E+04	3.7312E-01	5.2101E+04
4.0887E-01	7.4584E+04	4.0679E-01	5.3265E+04
4.6291E-01	7.9182E+04	4.0887E-01	5.3349E+04
4.6972E-01	7.9714E+04	4.6291E-01	5.5110E+04
5.1474E-01	8.2477E+04	4.6972E-01	5.5329E+04
5.8268E-01	8.7512E+04	5.1474E-01	5.6570E+04
5.8277E-01	8.7477E+04	5.8268E-01	5.8281E+04
5.9134E-01	8.8089E+04	5.8277E-01	5.8262E+04
6.2063E-01	8.8689E+04	5.9134E-01	5.8529E+04
6.4473E-01	9.0940E+04	6.2063E-01	5.9244E+04
6.4801E-01	9.1157E+04	6.4473E-01	5.9782E+04
7.3365E-01	9.6262E+04	6.4801E-01	5.9837E+04
7.4444E-01	9.6874E+04	7.3365E-01	6.1395E+04
7.8158E-01	9.7772E+04	7.4444E-01	6.1645E+04
8.1579E-01	1.0000E+05	7.8158E-01	6.3007E+04
9.2349E-01	1.0500E+05	8.1579E-01	6.3054E+04
9.2359E-01	1.0500E+05	9.2349E-01	6.4518E+04
9.3719E-01	1.0600E+05	9.2359E-01	6.4536E+04
9.8393E-01	1.0700E+05	9.3719E-01	6.4818E+04
1.0218E+00	1.1000E+05	9.8393E-01	6.6137E+04
1.0270E+00	1.1000E+05	1.0218E+00	6.6045E+04
1.1627E+00	1.1500E+05	1.0270E+00	6.6187E+04
1.1798E+00	1.1600E+05	1.1627E+00	6.7716E+04
1.2387E+00	1.1700E+05	1.1798E+00	6.7932E+04
1.2929E+00	1.2000E+05	1.2387E+00	6.9324E+04
1.4637E+00	1.2500E+05	1.2929E+00	6.9318E+04
1.4638E+00	1.2500E+05	1.4637E+00	7.0809E+04
1.4853E+00	1.2600E+05	1.4638E+00	7.0868E+04
1.5594E+00	1.2800E+05	1.4853E+00	7.1076E+04
1.6195E+00	1.3000E+05	1.5594E+00	7.2613E+04
1.6277E+00	1.3000E+05	1.6195E+00	7.2407E+04
1.8428E+00	1.3600E+05	1.6277E+00	7.2446E+04
1.8699E+00	1.3600E+05	1.8428E+00	7.4063E+04
1.9631E+00	1.3800E+05	1.8699E+00	7.4256E+04
2.0491E+00	1.4100E+05	1.9631E+00	7.5627E+04
2.3198E+00	1.4600E+05	2.0491E+00	7.5645E+04
2.3199E+00	1.4700E+05	2.3198E+00	7.7236E+04
2.3540E+00	1.4700E+05	2.3199E+00	7.7326E+04
2.4714E+00	1.5000E+05	2.3540E+00	7.7419E+04
2.5667E+00	1.5200E+05	2.4714E+00	7.8631E+04
2.5796E+00	1.5200E+05	2.5667E+00	7.8850E+04
2.9205E+00	1.5800E+05	2.5796E+00	7.8917E+04
2.9635E+00	1.5900E+05	2.9205E+00	8.0669E+04
3.1113E+00	1.6100E+05	2.9635E+00	8.0691E+04
3.2475E+00	1.6400E+05	3.1113E+00	8.1993E+04
3.6766E+00	1.7000E+05	3.2475E+00	8.2287E+04
3.6766E+00	1.7000E+05	3.6766E+00	8.3970E+04
3.7308E+00	1.7100E+05	3.6766E+00	8.4086E+04
3.9168E+00	1.7400E+05	3.7308E+00	8.3995E+04
4.0681E+00	1.7500E+05	3.9168E+00	8.5027E+04
4.0883E+00	1.7600E+05	4.0681E+00	8.5460E+04
4.6286E+00	1.8200E+05	4.0883E+00	8.5420E+04
4.6967E+00	1.8300E+05	4.6286E+00	8.7706E+04
4.9309E+00	1.8600E+05	4.6967E+00	8.7380E+04
5.1468E+00	1.8800E+05	4.9309E+00	8.8705E+04
5.8270E+00	1.9500E+05	5.1468E+00	8.8887E+04
5.8270E+00	1.9500E+05	5.8270E+00	9.1466E+04
5.9127E+00	1.9600E+05	5.8270E+00	9.1299E+04
6.2076E+00	1.9900E+05	5.9127E+00	9.0884E+04
6.4475E+00	2.0100E+05	6.2076E+00	9.1833E+04
6.4794E+00	2.0100E+05	6.4475E+00	9.2298E+04
7.4436E+00	2.0900E+05	6.4794E+00	9.2348E+04
7.8148E+00	2.1300E+05	7.4436E+00	9.4518E+04
8.1571E+00	2.1500E+05	7.8148E+00	9.5624E+04
9.3709E+00	2.2300E+05	8.1571E+00	9.5873E+04
9.8382E+00	2.2700E+05	9.3709E+00	9.8258E+04
9.9730E+00	2.2900E+05	9.8382E+00	9.8805E+04
1.0219E+01	2.2800E+05	9.9730E+00	9.9314E+04
1.0269E+01	2.2900E+05	1.0219E+01	9.9508E+04
1.1797E+01	2.3700E+05	1.0269E+01	9.9547E+04
1.2385E+01	2.4100E+05	1.1797E+01	1.0200E+05
1.2559E+01	2.4300E+05	1.2385E+01	1.0300E+05
1.2928E+01	2.4300E+05	1.2559E+01	1.0300E+05
1.4851E+01	2.5200E+05	1.2928E+01	1.0300E+05
1.5592E+01	2.5600E+05	1.4851E+01	1.0600E+05
1.5811E+01	2.5800E+05	1.5592E+01	1.0700E+05
1.6195E+01	2.5800E+05	1.5811E+01	1.0700E+05
1.6275E+01	2.5900E+05	1.6195E+01	1.0700E+05
1.8703E+01	2.6700E+05	1.6275E+01	1.0700E+05
1.9629E+01	2.7200E+05	1.8703E+01	1.1100E+05
1.9905E+01	2.7400E+05	1.9629E+01	1.1100E+05
2.0489E+01	2.7400E+05	1.9905E+01	1.1000E+05
2.4711E+01	2.8800E+05	2.0489E+01	1.1100E+05
2.5058E+01	2.9100E+05	2.4711E+01	1.1500E+05
2.5668E+01	2.9000E+05	2.5058E+01	1.1500E+05
2.5793E+01	2.9000E+05	2.5668E+01	1.1600E+05
3.1109E+01	3.0500E+05	2.5793E+01	1.1600E+05
3.1546E+01	3.0700E+05	3.1109E+01	1.1900E+05
3.2472E+01	3.0700E+05	3.1546E+01	1.1900E+05
3.9164E+01	3.2200E+05	3.2472E+01	1.2000E+05
3.9713E+01	3.2400E+05	3.9164E+01	1.2400E+05
4.0682E+01	3.2500E+05	3.9713E+01	1.2300E+05
4.0879E+01	3.2500E+05	4.0682E+01	1.2400E+05
4.9304E+01	3.4100E+05	4.0879E+01	1.2400E+05
4.9996E+01	3.4300E+05	4.9304E+01	1.2800E+05
5.1463E+01	3.4400E+05	4.9996E+01	1.2700E+05
6.2070E+01	3.6000E+05	5.1463E+01	1.2900E+05
6.2940E+01	3.6100E+05	6.2070E+01	1.3300E+05
6.4476E+01	3.6300E+05	6.2940E+01	1.3200E+05
6.4787E+01	3.6300E+05	6.4476E+01	1.3300E+05
7.8140E+01	3.8000E+05	6.4787E+01	1.3300E+05
7.9236E+01	3.8100E+05	7.8140E+01	1.3700E+05
8.1561E+01	3.8300E+05	7.9236E+01	1.3700E+05
9.8371E+01	4.0000E+05	8.1561E+01	1.3700E+05
9.9751E+01	4.0100E+05	9.8371E+01	1.4200E+05
1.0219E+02	4.0400E+05	9.9751E+01	1.4100E+05
1.0268E+02	4.0400E+05	1.0219E+02	1.4200E+05
1.2279E+02	4.2300E+05	1.0268E+02	1.4200E+05
1.2384E+02	4.2200E+05	1.2279E+02	1.4500E+05
1.2558E+02	4.2300E+05	1.2384E+02	1.4600E+05
1.5464E+02	4.4400E+05	1.2558E+02	1.4600E+05
1.5590E+02	4.4400E+05	1.5464E+02	1.4900E+05
1.5809E+02	4.4500E+05	1.5590E+02	1.5000E+05
1.9467E+02	4.6700E+05	1.5809E+02	1.5000E+05
1.9627E+02	4.6600E+05	1.9467E+02	1.5300E+05
1.9903E+02	4.6700E+05	1.9627E+02	1.5400E+05
2.4507E+02	4.9000E+05	1.9903E+02	1.5500E+05
2.4709E+02	4.8900E+05	2.4507E+02	1.5600E+05
2.5055E+02	4.9100E+05	2.4709E+02	1.5700E+05
3.0852E+02	5.1300E+05	2.5055E+02	1.5900E+05
3.1106E+02	5.1300E+05	3.0852E+02	1.6100E+05
3.1542E+02	5.1500E+05	3.1106E+02	1.6100E+05
3.8840E+02	5.3700E+05	3.1542E+02	1.6200E+05
3.9159E+02	5.3800E+05	3.8840E+02	1.6400E+05
3.9709E+02	5.3900E+05	3.9159E+02	1.6400E+05
4.8896E+02	5.6200E+05	3.9709E+02	1.6600E+05
4.9298E+02	5.6300E+05	4.8896E+02	1.6900E+05
4.9990E+02	5.6400E+05	4.9298E+02	1.6800E+05
6.1556E+02	5.8800E+05	4.9990E+02	1.7000E+05
6.2062E+02	5.8800E+05	6.1556E+02	1.7300E+05
6.2934E+02	5.9000E+05	6.2062E+02	1.7100E+05
7.7493E+02	6.1300E+05	6.2934E+02	1.7300E+05
7.9229E+02	6.1600E+05	7.7493E+02	1.7600E+05
9.7558E+02	6.4100E+05	7.9229E+02	1.7600E+05
9.9742E+02	6.4400E+05	9.7558E+02	1.7800E+05
1.2282E+03	6.6900E+05	9.9742E+02	1.7800E+05
1.2557E+03	6.7200E+05	1.2282E+03	1.8000E+05
1.5462E+03	6.9700E+05	1.2557E+03	1.8000E+05
1.5808E+03	7.0000E+05	1.5462E+03	1.8200E+05
1.5841E+03	7.0100E+05	1.5808E+03	1.8100E+05
1.9465E+03	7.2500E+05	1.5841E+03	1.8100E+05
1.9900E+03	7.2800E+05	1.9465E+03	1.8200E+05
1.9942E+03	7.2800E+05	1.9900E+03	1.8100E+05
2.4504E+03	7.5300E+05	1.9942E+03	1.8200E+05
2.5053E+03	7.5600E+05	2.4504E+03	1.8300E+05
2.5105E+03	7.5600E+05	2.5053E+03	1.8100E+05
3.0849E+03	7.8100E+05	2.5105E+03	1.8200E+05
3.1539E+03	7.8400E+05	3.0849E+03	1.8200E+05
3.1605E+03	7.8600E+05	3.1539E+03	1.7900E+05
3.8836E+03	8.0900E+05	3.1605E+03	1.8200E+05
3.9705E+03	8.1100E+05	3.8836E+03	1.8100E+05
3.9787E+03	8.1200E+05	3.9705E+03	1.7600E+05
4.8891E+03	8.3700E+05	3.9787E+03	1.8000E+05
4.9985E+03	8.3800E+05	4.8891E+03	1.7700E+05
5.0088E+03	8.4100E+05	4.9985E+03	1.7300E+05
6.1549E+03	8.6300E+05	5.0088E+03	1.7800E+05
6.2926E+03	8.6400E+05	6.1549E+03	1.7400E+05
6.3056E+03	8.6800E+05	6.2926E+03	1.6900E+05
7.7486E+03	8.9000E+05	6.3056E+03	1.7200E+05
7.9219E+03	8.8900E+05	7.7486E+03	1.7000E+05
7.9382E+03	8.9400E+05	7.9219E+03	1.6500E+05
9.7549E+03	9.1500E+05	7.9382E+03	1.6900E+05
9.9730E+03	9.1300E+05	9.7549E+03	1.6500E+05
9.9934E+03	9.1900E+05	9.9730E+03	1.6000E+05
1.2281E+04	9.3800E+05	9.9934E+03	1.6500E+05
1.2581E+04	9.4300E+05	1.2281E+04	1.6000E+05
1.5460E+04	9.6000E+05	1.2581E+04	1.6000E+05
1.5838E+04	9.6700E+05	1.5460E+04	1.5500E+05
1.9463E+04	9.8200E+05	1.5838E+04	1.5400E+05
1.9939E+04	9.8900E+05	1.9463E+04	1.5100E+05
2.4502E+04	1.0000E+06	1.9939E+04	1.4800E+05
2.5101E+04	1.0100E+06	2.4502E+04	1.4600E+05
3.0846E+04	1.0200E+06	2.5101E+04	1.4400E+05
3.1601E+04	1.0300E+06	3.0846E+04	1.4300E+05
3.8832E+04	1.0400E+06	3.1601E+04	1.3900E+05
3.9782E+04	1.0500E+06	3.8832E+04	1.4000E+05
4.8886E+04	1.0600E+06	3.9782E+04	1.3700E+05
5.0083E+04	1.0700E+06	4.8886E+04	1.3900E+05
6.1543E+04	1.0700E+06	5.0083E+04	1.3500E+05
6.3049E+04	1.0800E+06	6.1543E+04	1.3800E+05
6.7747E+04	1.0800E+06	6.3049E+04	1.3400E+05
7.7477E+04	1.0900E+06	6.7747E+04	1.3600E+05
7.9373E+04	1.1000E+06	7.7477E+04	1.3800E+05
8.5316E+04	1.1000E+06	7.9373E+04	1.3400E+05
9.7537E+04	1.1100E+06	8.5316E+04	1.3700E+05
9.9924E+04	1.1200E+06	9.7537E+04	1.4000E+05
1.0700E+05	1.1200E+06	9.9924E+04	1.3500E+05
1.2300E+05	1.1300E+06	1.0700E+05	1.4000E+05
1.2600E+05	1.1300E+06	1.2300E+05	1.4300E+05
1.3500E+05	1.1400E+06	1.2600E+05	1.3800E+05
1.5800E+05	1.1500E+06	1.3500E+05	1.4300E+05
1.7000E+05	1.1600E+06	1.5800E+05	1.4300E+05
1.9900E+05	1.1700E+06	1.7000E+05	1.4800E+05
2.1400E+05	1.1700E+06	1.9900E+05	1.4800E+05
2.5100E+05	1.1800E+06	2.1400E+05	1.5500E+05
2.7000E+05	1.1900E+06	2.5100E+05	1.5700E+05
3.1600E+05	1.2000E+06	2.7000E+05	1.6300E+05
3.4000E+05	1.2100E+06	3.1600E+05	1.6800E+05
3.9800E+05	1.2200E+06	3.4000E+05	1.7500E+05
4.2800E+05	1.2300E+06	3.9800E+05	1.8200E+05
5.0100E+05	1.2400E+06	4.2800E+05	1.9000E+05
5.3800E+05	1.2400E+06	5.0100E+05	2.0100E+05
6.3000E+05	1.2600E+06	5.3800E+05	2.0900E+05
6.7800E+05	1.2700E+06	6.3000E+05	2.2400E+05
7.9400E+05	1.2800E+06	6.7800E+05	2.3200E+05
8.5300E+05	1.2900E+06	7.9400E+05	2.5200E+05
9.9900E+05	1.3100E+06	8.5300E+05	2.6200E+05
1.0700E+06	1.3200E+06	9.9900E+05	2.8600E+05
1.2600E+06	1.3300E+06	1.0700E+06	2.9800E+05
1.3500E+06	1.3500E+06	1.2600E+06	3.2600E+05
1.5800E+06	1.3700E+06	1.3500E+06	3.4000E+05
1.7000E+06	1.3800E+06	1.5800E+06	3.7500E+05
1.9900E+06	1.4000E+06	1.7000E+06	3.9300E+05
2.1400E+06	1.4200E+06	1.9900E+06	4.3200E+05
2.4600E+06	1.4900E+06	2.1400E+06	4.5200E+05
2.5100E+06	1.4500E+06	2.4600E+06	5.3800E+05
2.7000E+06	1.4600E+06	2.5100E+06	4.9900E+05
3.1000E+06	1.5400E+06	2.7000E+06	5.2300E+05
3.4000E+06	1.5200E+06	3.1000E+06	6.2300E+05
3.9000E+06	1.5800E+06	3.4000E+06	6.0800E+05
4.2800E+06	1.5800E+06	3.9000E+06	6.7400E+05
4.9100E+06	1.6400E+06	4.2800E+06	7.0900E+05
5.3800E+06	1.6600E+06	4.9100E+06	7.6700E+05
6.1800E+06	1.7100E+06	5.3800E+06	8.2600E+05
6.7800E+06	1.7500E+06	6.1800E+06	8.8600E+05
7.7700E+06	1.8000E+06	6.7800E+06	9.6200E+05
8.5300E+06	1.8400E+06	7.7700E+06	1.0500E+06
9.7900E+06	1.9100E+06	8.5300E+06	1.1200E+06
1.0700E+07	1.9600E+06	9.7900E+06	1.2200E+06
1.2300E+07	2.0300E+06	1.0700E+07	1.2900E+06
1.3500E+07	2.0900E+06	1.2300E+07	1.4300E+06
1.5500E+07	2.1700E+06	1.3500E+07	1.5000E+06
1.7000E+07	2.2300E+06	1.5500E+07	1.6700E+06
1.9500E+07	2.3200E+06	1.7000E+07	1.7300E+06
2.1400E+07	2.4000E+06	1.9500E+07	1.9400E+06
2.4600E+07	2.4900E+06	2.1400E+07	2.0100E+06
2.7000E+07	2.5900E+06	2.4600E+07	2.2600E+06
3.0900E+07	2.7000E+06	2.7000E+07	2.3200E+06
3.4000E+07	2.8100E+06	3.0900E+07	2.6600E+06
3.9000E+07	2.9400E+06	3.4000E+07	2.7000E+06
4.2700E+07	3.0500E+06	3.9000E+07	3.1200E+06
4.9100E+07	3.2000E+06	4.2700E+07	3.1300E+06
5.3800E+07	3.3300E+06	4.9100E+07	3.6500E+06
6.1700E+07	3.5100E+06	5.3800E+07	3.6400E+06
6.7700E+07	3.6600E+06	6.1700E+07	4.2900E+06
7.7700E+07	3.8700E+06	6.7700E+07	4.2600E+06
9.7900E+07	4.3000E+06	7.7700E+07	5.0700E+06
1.2300E+08	4.8100E+06	9.7900E+07	5.9900E+06
1.5500E+08	5.3900E+06	1.2300E+08	7.1200E+06
1.9500E+08	6.1100E+06	1.5500E+08	8.4200E+06
2.4600E+08	6.9500E+06	1.9500E+08	1.0000E+07
3.0900E+08	8.0000E+06	2.4600E+08	1.1800E+07
3.9000E+08	9.3000E+06	3.0900E+08	1.4000E+07
4.9000E+08	1.1000E+07	3.9000E+08	1.6500E+07
6.1700E+08	1.3200E+07	4.9000E+08	1.9600E+07
7.7700E+08	1.6000E+07	6.1700E+08	2.3100E+07
9.7900E+08	1.9600E+07	7.7700E+08	2.7200E+07
1.2300E+09	2.4200E+07	9.7900E+08	3.1800E+07
1.5500E+09	3.0000E+07	1.2300E+09	3.6800E+07
1.9500E+09	3.6900E+07	1.5500E+09	4.2100E+07
2.4600E+09	4.5300E+07	1.9500E+09	4.7400E+07
		2.4600E+09	5.2400E+07

