2.2600E-04	1.5684E+04	2.2600E-04	2.2600E+04
3.0100E-04	2.0020E+04	3.0100E-04	2.5210E+04
4.0200E-04	2.4974E+04	4.0200E-04	2.7844E+04
5.3500E-04	3.0468E+04	5.3500E-04	3.0249E+04
7.1400E-04	3.6455E+04	7.1400E-04	3.2548E+04
9.5200E-04	4.2809E+04	9.5200E-04	3.4640E+04
1.2700E-03	4.9375E+04	1.2700E-03	3.6725E+04
1.6900E-03	5.6286E+04	1.6900E-03	3.8699E+04
2.2600E-03	6.3519E+04	2.2600E-03	4.0416E+04
3.0100E-03	7.0913E+04	3.0100E-03	4.2324E+04
4.0200E-03	7.8468E+04	4.0200E-03	4.4199E+04
5.3500E-03	8.6304E+04	5.3500E-03	4.6362E+04
7.1400E-03	9.4417E+04	7.1400E-03	4.8731E+04
9.5200E-03	1.0300E+05	9.5200E-03	5.1444E+04
1.0000E-02	1.0600E+05	1.0000E-02	5.5624E+04
1.2700E-02	1.1200E+05	1.2700E-02	5.4507E+04
1.3340E-02	1.1600E+05	1.3340E-02	5.8108E+04
1.6220E-02	1.2100E+05	1.6220E-02	5.8989E+04
1.6930E-02	1.2200E+05	1.6930E-02	5.8227E+04
1.7780E-02	1.2600E+05	1.7780E-02	6.0914E+04
2.2540E-02	1.3300E+05	2.2540E-02	6.2939E+04
2.2580E-02	1.3200E+05	2.2580E-02	6.2298E+04
2.3710E-02	1.3600E+05	2.3710E-02	6.4154E+04
3.0110E-02	1.4300E+05	3.0110E-02	6.6962E+04
3.1320E-02	1.4600E+05	3.1320E-02	6.7585E+04
3.1620E-02	1.4700E+05	3.1620E-02	6.7808E+04
4.0160E-02	1.5500E+05	4.0160E-02	7.2002E+04
4.2170E-02	1.5900E+05	4.2170E-02	7.2288E+04
4.3510E-02	1.5900E+05	4.3510E-02	7.2947E+04
5.3550E-02	1.6800E+05	5.3550E-02	7.7550E+04
5.6230E-02	1.7100E+05	5.6230E-02	7.7117E+04
6.0460E-02	1.7400E+05	6.0460E-02	7.9055E+04
7.1410E-02	1.8100E+05	7.1410E-02	8.3472E+04
7.4990E-02	1.8500E+05	7.4990E-02	8.2484E+04
8.4010E-02	1.9000E+05	8.4010E-02	8.5579E+04
9.5220E-02	1.9700E+05	9.5220E-02	8.9625E+04
1.0000E-01	1.9900E+05	1.0000E-01	8.8205E+04
1.1673E-01	2.0800E+05	1.1673E-01	9.2845E+04
1.2698E-01	2.1300E+05	1.2698E-01	9.6042E+04
1.3335E-01	2.1500E+05	1.3335E-01	9.4567E+04
1.6220E-01	2.2700E+05	1.6220E-01	1.0000E+05
1.6933E-01	2.3100E+05	1.6933E-01	1.0300E+05
1.7783E-01	2.3200E+05	1.7783E-01	1.0100E+05
2.2537E-01	2.4900E+05	2.2537E-01	1.0800E+05
2.2581E-01	2.5000E+05	2.2581E-01	1.0900E+05
2.3714E-01	2.5100E+05	2.3714E-01	1.0900E+05
3.0112E-01	2.7100E+05	3.0112E-01	1.1600E+05
3.1315E-01	2.7200E+05	3.1315E-01	1.1600E+05
3.1623E-01	2.7100E+05	3.1623E-01	1.1600E+05
4.0155E-01	2.9200E+05	4.0155E-01	1.2300E+05
4.2170E-01	2.9200E+05	4.2170E-01	1.2300E+05
4.3512E-01	2.9700E+05	4.3512E-01	1.2500E+05
5.3548E-01	3.1500E+05	5.3548E-01	1.3000E+05
5.6234E-01	3.1500E+05	5.6234E-01	1.3000E+05
6.0460E-01	3.2300E+05	6.0460E-01	1.3300E+05
7.1407E-01	3.3900E+05	7.1407E-01	1.3800E+05
7.4989E-01	3.4000E+05	7.4989E-01	1.3800E+05
8.4009E-01	3.5200E+05	8.4009E-01	1.4100E+05
8.6927E-01	3.5200E+05	8.6927E-01	1.4100E+05
9.5223E-01	3.6400E+05	9.5223E-01	1.4500E+05
1.0000E+00	3.6500E+05	1.0000E+00	1.4500E+05
1.1673E+00	3.8200E+05	1.1673E+00	1.5000E+05
1.1952E+00	3.8100E+05	1.1952E+00	1.5000E+05
1.2079E+00	3.8200E+05	1.2079E+00	1.5000E+05
1.2698E+00	3.9100E+05	1.2698E+00	1.5300E+05
1.3335E+00	3.9300E+05	1.3335E+00	1.5300E+05
1.6220E+00	4.1300E+05	1.6220E+00	1.5900E+05
1.6607E+00	4.1300E+05	1.6607E+00	1.5900E+05
1.6783E+00	4.1400E+05	1.6783E+00	1.5900E+05
1.6933E+00	4.1900E+05	1.6933E+00	1.6100E+05
1.7783E+00	4.2100E+05	1.7783E+00	1.6100E+05
2.2537E+00	4.4700E+05	2.2537E+00	1.6900E+05
2.2581E+00	4.4800E+05	2.2581E+00	1.6800E+05
2.3075E+00	4.4700E+05	2.3075E+00	1.6800E+05
2.3320E+00	4.4800E+05	2.3320E+00	1.6800E+05
2.3714E+00	4.5100E+05	2.3714E+00	1.6900E+05
3.1315E+00	4.8300E+05	3.1315E+00	1.7900E+05
3.1623E+00	4.8200E+05	3.1623E+00	1.7700E+05
3.2063E+00	4.8300E+05	3.2063E+00	1.7700E+05
3.2403E+00	4.8500E+05	3.2403E+00	1.7800E+05
4.2170E+00	5.1500E+05	4.2170E+00	1.8600E+05
4.3512E+00	5.2200E+05	4.3512E+00	1.8800E+05
4.4552E+00	5.2000E+05	4.4552E+00	1.8600E+05
4.5024E+00	5.2300E+05	4.5024E+00	1.8800E+05
5.6234E+00	5.5000E+05	5.6234E+00	1.9500E+05
6.0460E+00	5.6200E+05	6.0460E+00	1.9800E+05
6.1904E+00	5.5800E+05	6.1904E+00	1.9600E+05
6.2560E+00	5.6300E+05	6.2560E+00	1.9800E+05
7.4989E+00	5.8600E+05	7.4989E+00	2.0300E+05
8.4009E+00	6.0400E+05	8.4009E+00	2.0700E+05
8.6016E+00	6.0000E+05	8.6016E+00	2.0700E+05
8.6927E+00	6.0500E+05	8.6927E+00	2.0900E+05
1.0000E+01	6.2500E+05	1.0000E+01	2.1200E+05
1.1673E+01	6.4800E+05	1.1673E+01	2.1500E+05
1.1952E+01	6.4400E+05	1.1952E+01	2.1800E+05
1.2079E+01	6.5000E+05	1.2079E+01	2.1900E+05
1.3335E+01	6.6500E+05	1.3335E+01	2.1900E+05
1.6220E+01	6.9200E+05	1.6220E+01	2.2200E+05
1.6607E+01	6.9000E+05	1.6607E+01	2.2900E+05
1.6783E+01	6.9700E+05	1.6783E+01	2.3000E+05
1.7783E+01	7.0600E+05	1.7783E+01	2.2700E+05
2.3075E+01	7.4000E+05	2.3075E+01	2.4000E+05
2.3320E+01	7.4700E+05	2.3320E+01	2.3900E+05
2.3714E+01	7.4800E+05	2.3714E+01	2.3400E+05
3.1623E+01	7.9000E+05	3.1623E+01	2.4100E+05
3.2063E+01	7.9200E+05	3.2063E+01	2.4900E+05
3.2403E+01	7.9800E+05	3.2403E+01	2.4700E+05
4.2170E+01	8.3400E+05	4.2170E+01	2.4800E+05
4.4552E+01	8.4600E+05	4.4552E+01	2.5800E+05
4.5024E+01	8.5100E+05	4.5024E+01	2.5500E+05
5.6234E+01	8.7900E+05	5.6234E+01	2.5600E+05
6.1904E+01	9.0100E+05	6.1904E+01	2.6600E+05
6.2560E+01	9.0500E+05	6.2560E+01	2.6400E+05
7.4989E+01	9.2500E+05	7.4989E+01	2.6500E+05
8.6016E+01	9.5700E+05	8.6016E+01	2.7400E+05
8.6927E+01	9.6100E+05	8.6927E+01	2.7200E+05
9.1917E+01	9.7700E+05	9.1917E+01	2.7800E+05
1.0000E+02	9.7100E+05	1.0000E+02	2.7200E+05
1.1952E+02	1.0200E+06	1.1952E+02	2.8400E+05
1.2079E+02	1.0200E+06	1.2079E+02	2.8200E+05
1.2772E+02	1.0400E+06	1.2772E+02	2.8600E+05
1.6607E+02	1.0700E+06	1.6607E+02	2.9100E+05
1.6783E+02	1.0800E+06	1.6783E+02	2.9200E+05
1.7746E+02	1.1000E+06	1.7746E+02	2.9500E+05
2.3075E+02	1.1400E+06	2.3075E+02	3.0100E+05
2.3320E+02	1.1400E+06	2.3320E+02	3.0100E+05
2.4659E+02	1.1600E+06	2.4659E+02	3.0400E+05
3.2063E+02	1.2000E+06	3.2063E+02	3.1100E+05
3.2403E+02	1.2000E+06	3.2403E+02	3.1100E+05
3.4263E+02	1.2200E+06	3.4263E+02	3.1300E+05
4.4552E+02	1.2700E+06	4.4552E+02	3.2100E+05
4.5024E+02	1.2700E+06	4.5024E+02	3.2000E+05
4.7608E+02	1.2900E+06	4.7608E+02	3.2200E+05
6.1904E+02	1.3400E+06	6.1904E+02	3.3100E+05
6.2560E+02	1.3300E+06	6.2560E+02	3.2900E+05
6.6151E+02	1.3600E+06	6.6151E+02	3.3100E+05
8.6016E+02	1.4100E+06	8.6016E+02	3.3700E+05
8.6927E+02	1.4000E+06	8.6927E+02	3.3600E+05
9.1917E+02	1.4300E+06	9.1917E+02	3.4200E+05
1.1952E+03	1.4800E+06	1.1952E+03	3.4600E+05
1.2772E+03	1.5100E+06	1.2772E+03	3.4900E+05
1.6607E+03	1.5600E+06	1.6607E+03	3.5100E+05
1.7746E+03	1.5800E+06	1.7746E+03	3.5400E+05
2.3075E+03	1.6300E+06	2.3075E+03	3.5600E+05
2.4659E+03	1.6600E+06	2.4659E+03	3.6000E+05
2.5584E+03	1.6900E+06	2.5584E+03	3.6000E+05
2.9355E+03	1.7100E+06	2.9355E+03	3.5900E+05
3.2063E+03	1.7100E+06	3.2063E+03	3.5900E+05
3.4263E+03	1.7400E+06	3.4263E+03	3.6200E+05
3.5548E+03	1.7700E+06	3.5548E+03	3.6200E+05
4.0789E+03	1.7900E+06	4.0789E+03	3.6200E+05
4.4552E+03	1.7900E+06	4.4552E+03	3.5900E+05
4.7608E+03	1.8200E+06	4.7608E+03	3.6400E+05
4.9394E+03	1.8500E+06	4.9394E+03	3.6200E+05
5.6676E+03	1.8700E+06	5.6676E+03	3.6000E+05
6.1904E+03	1.8600E+06	6.1904E+03	3.5600E+05
6.6151E+03	1.9000E+06	6.6151E+03	3.5900E+05
6.8633E+03	1.9300E+06	6.8633E+03	3.6000E+05
7.8751E+03	1.9600E+06	7.8751E+03	3.5900E+05
8.6016E+03	1.9400E+06	8.6016E+03	3.5000E+05
9.1917E+03	1.9800E+06	9.1917E+03	3.5400E+05
9.5366E+03	2.0100E+06	9.5366E+03	3.5400E+05
1.0943E+04	2.0400E+06	1.0943E+04	3.5300E+05
1.1952E+04	2.0100E+06	1.1952E+04	3.4100E+05
1.2772E+04	2.0500E+06	1.2772E+04	3.4600E+05
1.3251E+04	2.0800E+06	1.3251E+04	3.4600E+05
1.5205E+04	2.1200E+06	1.5205E+04	3.4300E+05
1.7746E+04	2.1300E+06	1.7746E+04	3.3500E+05
1.8412E+04	2.1600E+06	1.8412E+04	3.3400E+05
2.1127E+04	2.2000E+06	2.1127E+04	3.3200E+05
2.4659E+04	2.2000E+06	2.4659E+04	3.2400E+05
2.5584E+04	2.2300E+06	2.5584E+04	3.2200E+05
2.9355E+04	2.2700E+06	2.9355E+04	3.1900E+05
3.4263E+04	2.2600E+06	3.4263E+04	3.1100E+05
3.5548E+04	2.2900E+06	3.5548E+04	3.1000E+05
4.0789E+04	2.3300E+06	4.0789E+04	3.1000E+05
4.7608E+04	2.3200E+06	4.7608E+04	3.0000E+05
4.9394E+04	2.3500E+06	4.9394E+04	2.9800E+05
5.6676E+04	2.3900E+06	5.6676E+04	2.9600E+05
6.6151E+04	2.3700E+06	6.6151E+04	2.9200E+05
6.8633E+04	2.4100E+06	6.8633E+04	2.9000E+05
7.8751E+04	2.4500E+06	7.8751E+04	2.9000E+05
9.1917E+04	2.4200E+06	9.1917E+04	2.8900E+05
9.5366E+04	2.4600E+06	9.5366E+04	2.8500E+05
1.0900E+05	2.5000E+06	1.0900E+05	2.8700E+05
1.2800E+05	2.4700E+06	1.2800E+05	2.9200E+05
1.3300E+05	2.5100E+06	1.3300E+05	2.8600E+05
1.5200E+05	2.5500E+06	1.5200E+05	2.9000E+05
1.7700E+05	2.5100E+06	1.7700E+05	2.9700E+05
1.8400E+05	2.5600E+06	1.8400E+05	2.9200E+05
2.1100E+05	2.6000E+06	2.1100E+05	3.0000E+05
2.5600E+05	2.6100E+06	2.5600E+05	3.0600E+05
2.9400E+05	2.6500E+06	2.9400E+05	3.1700E+05
3.5500E+05	2.6500E+06	3.5500E+05	3.3100E+05
3.9900E+05	2.6900E+06	3.9900E+05	3.4400E+05
4.0800E+05	2.6900E+06	4.0800E+05	3.4700E+05
4.9400E+05	2.7000E+06	4.9400E+05	3.6600E+05
5.5400E+05	2.7400E+06	5.5400E+05	3.8200E+05
5.6700E+05	2.7400E+06	5.6700E+05	3.8800E+05
6.8600E+05	2.7600E+06	6.8600E+05	4.1700E+05
7.7000E+05	2.8000E+06	7.7000E+05	4.4000E+05
7.8800E+05	2.8000E+06	7.8800E+05	4.4700E+05
9.5400E+05	2.8100E+06	9.5400E+05	4.8700E+05
1.0700E+06	2.8600E+06	1.0700E+06	5.2100E+05
1.0900E+06	2.8600E+06	1.0900E+06	5.2700E+05
1.3300E+06	2.8800E+06	1.3300E+06	5.8300E+05
1.4900E+06	2.9300E+06	1.4900E+06	6.2600E+05
1.5200E+06	2.9300E+06	1.5200E+06	6.3500E+05
1.8400E+06	2.9500E+06	1.8400E+06	7.0400E+05
2.0600E+06	3.0100E+06	2.0600E+06	7.6200E+05
2.1100E+06	3.0200E+06	2.1100E+06	7.7400E+05
2.5600E+06	3.0300E+06	2.5600E+06	8.5400E+05
2.8700E+06	3.1200E+06	2.8700E+06	9.3800E+05
2.9400E+06	3.1300E+06	2.9400E+06	9.5200E+05
3.9900E+06	3.2600E+06	3.9900E+06	1.1600E+06
4.0800E+06	3.2600E+06	4.0800E+06	1.1800E+06
5.5400E+06	3.4200E+06	5.5400E+06	1.4400E+06
5.6700E+06	3.4400E+06	5.6700E+06	1.4600E+06
7.7000E+06	3.6300E+06	7.7000E+06	1.7800E+06
7.8800E+06	3.6500E+06	7.8800E+06	1.8000E+06
1.0700E+07	3.8900E+06	1.0700E+07	2.2100E+06
1.0900E+07	3.9200E+06	1.0900E+07	2.2300E+06
1.4900E+07	4.2000E+06	1.4900E+07	2.7300E+06
1.5200E+07	4.2400E+06	1.5200E+07	2.7600E+06
2.0600E+07	4.6000E+06	2.0600E+07	3.3800E+06
2.1100E+07	4.6300E+06	2.1100E+07	3.3900E+06
2.8700E+07	5.0700E+06	2.8700E+07	4.1800E+06
2.9400E+07	5.1100E+06	2.9400E+07	4.1800E+06
3.9900E+07	5.6300E+06	3.9900E+07	5.1800E+06
5.5400E+07	6.3100E+06	5.5400E+07	6.4400E+06
7.7000E+07	7.1300E+06	7.7000E+07	8.0700E+06
1.0700E+08	8.1400E+06	1.0700E+08	1.0200E+07
1.4900E+08	9.3200E+06	1.4900E+08	1.2800E+07
2.0600E+08	1.0800E+07	2.0600E+08	1.6200E+07
2.8700E+08	1.2700E+07	2.8700E+08	2.0700E+07
3.9900E+08	1.5200E+07	3.9900E+08	2.6500E+07

