0.02378	175.3
0.04212	577.2
0.07561	1741
0.1306	5030
0.1793	8265
0.2381	14360
0.3154	23870
0.4169	37990
0.5724	62430
0.7292	98360
1.015	1.48E+05
1.279	1.90E+05
1.779	2.82E+05
2.194	3.38E+05
3.136	4.23E+05
3.929	4.85E+05
5.588	5.49E+05
7.118	6.09E+05
10.09	6.53E+05
14.59	7.15E+05
17.53	7.36E+05
21.89	7.91E+05
25.78	7.88E+05
37.91	8.44E+05
48.1	8.67E+05
55.62	8.65E+05
74.44	8.69E+05
81.71	9.06E+05
136.1	9.26E+05
149.5	9.76E+05
227.6	1.01E+06
259.1	1.05E+06
447.2	1.05E+06
760.1	1.11E+06
1361	1.12E+06
1760	1.17E+06
2446	1.21E+06
4384	1.24E+06
5761	1.24E+06
7438	1.26E+06
9437	1.30E+06
11530	1.31E+06
15160	1.33E+06
25690	1.31E+06
36360	1.36E+06
54270	1.37E+06
70110	1.40E+06
99140	1.42E+06
1.78E+05	1.45E+06
3.02E+05	1.50E+06
4.59E+05	1.54E+06
8.24E+05	1.64E+06
1.78E+06	1.88E+06
2.67E+06	2.04E+06
3.51E+06	2.09E+06
4.31E+06	2.27E+06
6.24E+06	2.57E+06
9.03E+06	2.85E+06

