0.3259	165.9
0.4879	346.3
0.5876	522.8
0.8693	1231
1.537	3796
1.779	5371
2.669	11710
4.882	34540
5.63	45760
8.668	81890
15.27	1.68E+05
17.28	2.21E+05
27.24	3.11E+05
46.99	4.31E+05
57.69	4.74E+05
82.16	5.48E+05
145.7	6.45E+05
257.7	7.26E+05
455.4	8.01E+05
566.7	8.06E+05
818.9	8.73E+05
792.5	9.33E+05
1393	9.32E+05
1768	9.69E+05
2460	1.02E+06
4491	1.05E+06
5909	1.08E+06
7770	1.09E+06
10220	1.11E+06
14720	1.14E+06
19380	1.18E+06
27400	1.20E+06
44870	1.24E+06
77490	1.26E+06
1.27E+05	1.31E+06
1.71E+05	1.44E+06
2.04E+05	1.39E+06
3.06E+05	1.52E+06
3.60E+05	1.46E+06
4.66E+05	1.56E+06

