0.01091		3993
0.01373		5084
0.02486		8726
0.04502		16050
0.07698		28210
0.1394		50130
0.1893		66830
0.2572		89080
0.3427		1.15E+05
0.4481		1.51E+05
0.62		1.90E+05
0.8416		2.31E+05
1.058		2.68E+05
1.382		3.04E+05
1.947		3.29E+05
2.446		3.41E+05
3.377		3.25E+05
4.405		3.24E+05
6.198		3.06E+05
7.636		2.95E+05
10.74		2.68E+05
12.98		2.56E+05
15.7		2.50E+05
19.33		2.36E+05
23.37		2.27E+05
28.25		2.17E+05
31.65		2.12E+05
34.14		2.07E+05
41.28		2.04E+05
49.89		1.93E+05
60.32		1.88E+05
66.29		1.75E+05
78.62		1.69E+05
89.8		1.67E+05
144.3		1.52E+05
177.8		1.54E+05
203		1.50E+05
236.3		1.47E+05
275		1.40E+05
425.4		1.30E+05
504.7		1.30E+05
810.5		1.12E+05
1303		1.08E+05
1544		99100
1798		97890
2391		98880
2729		93270
4144		90950
4823		88800
5721		86700
7753		85570
9739		87470
15360		83330
18220		84220
26650		85040
29330		95420
52880		1.02E+05
57100		1.13E+05
83610		1.36E+05
97390		1.46E+05
1.66E+05		1.89E+05
2.95E+05		2.67E+05
4.66E+05		3.72E+05
8.43E+05		5.76E+05
9.27E+05		6.24E+05
1.04E+06		6.77E+05
1.12E+06		7.08E+05
1.36E+06		8.04E+05

