0.1895		5206
0.3432		9253
0.5231		13520
0.6218		16640
0.9301		25180
1.622		45290
1.964		53200
2.938		79580
5.121		1.34E+05
6.084		1.55E+05
9.442		2.02E+05
16.12		2.69E+05
19.13		2.85E+05
18.44		3.27E+05
24.52		3.19E+05
26.96		3.12E+05
49.52		2.93E+05
62.19		2.86E+05
85.92		2.82E+05
135.3		2.26E+05
278.7		2.25E+05
465.4		2.09E+05
541.8		2.04E+05
792.3		1.99E+05
1053		1.92E+05
1374		1.79E+05
1898		1.77E+05
2671		1.70E+05
4548		1.64E+05
6402		1.60E+05
8352		1.52E+05
10690		1.52E+05
15050		1.48E+05
19650		1.52E+05
25160		1.52E+05
34100		1.53E+05
43680		1.58E+05
59230		1.65E+05
80320		1.75E+05
1.05E+05		1.96E+05
1.42E+05		2.20E+05
1.86E+05		2.52E+05
2.48E+05		2.83E+05
3.24E+05		3.32E+05
4.31E+05		4.03E+05
6.44E+05		4.96E+05
8.57E+05		5.62E+05
9.61E+05		6.38E+05
1.10E+06		6.99E+05
1.36E+06		8.02E+05

