0.0001572		9664
0.000256		15600
0.0003988		23070
0.0006214		35640
0.0009682		55080
0.001509		92860
0.002351		1.37E+05
0.003663		2.12E+05
0.005708		3.28E+05
0.00889		4.64E+05
0.01447		6.57E+05
0.02254		9.72E+05
0.03665		1.06E+06
0.05698		1.06E+06
0.08859		1.06E+06
0.1438		8.86E+05
0.2336		7.76E+05
0.3794		6.80E+05
0.5896		6.22E+05
0.9578		5.69E+05
1.555		4.99E+05
2.418		4.77E+05
4.104		4.17E+05
6.104		3.99E+05
9.915		3.65E+05
16.83		3.34E+05
26.16		2.93E+05
42.5		2.80E+05
66.02		2.35E+05
98.2		2.24E+05

