1.1246E-04	1.2972E+02
1.5101E-04	2.1086E+02
2.0230E-04	3.6308E+02
2.7164E-04	6.2517E+02
3.6475E-04	9.5499E+02
5.1880E-04	1.5488E+03
7.8524E-04	2.5177E+03
1.1885E-03	4.0926E+03
1.7989E-03	5.8884E+03
3.0761E-03	7.9983E+03
5.5847E-03	1.0257E+04
9.5499E-03	1.3932E+04
1.4488E-02	1.7783E+04
2.4774E-02	2.2751E+04
3.9902E-02	3.0903E+04
6.8234E-02	3.7239E+04
1.3143E-01	5.0582E+04
2.2475E-01	6.4714E+04
3.8459E-01	7.7983E+04
7.4199E-01	9.4189E+04
1.3480E+00	1.1350E+05
2.6020E+00	1.2882E+05
5.0257E+00	1.3772E+05
1.0304E+01	1.5668E+05
1.9907E+01	1.7824E+05
3.8371E+01	1.9055E+05
6.9823E+01	2.0370E+05
1.3490E+02	2.1777E+05
2.4547E+02	2.3281E+05
4.7424E+02	2.4889E+05
1.0304E+03	3.0061E+05
1.8750E+03	3.6308E+05
3.8459E+03	3.8815E+05
6.5766E+03	4.9659E+05

