1.1668E-04		1.0023E+03
1.6672E-04		1.3583E+03
2.2387E-04		1.9543E+03
3.3963E-04		2.6485E+03
4.8417E-04		3.5892E+03
7.3451E-04		4.5920E+03
1.1169E-03		5.5208E+03
1.7989E-03		7.0632E+03
3.2659E-03		8.5114E+03
5.9293E-03		1.0257E+04
1.0139E-02		1.3932E+04
1.6331E-02		1.7824E+04
2.9648E-02		2.1478E+04
4.7863E-02		2.5823E+04
8.6896E-02		3.1189E+04
1.4887E-01		3.3266E+04
2.4021E-01		3.5563E+04
4.3702E-01		3.8019E+04
7.9566E-01		3.8282E+04
1.5371E+00		4.0926E+04
2.6369E+00		3.8726E+04
4.2589E+00		3.8994E+04
7.3063E+00		3.6898E+04
1.2531E+01		3.7154E+04
2.2803E+01		3.7411E+04
3.6813E+01		3.7584E+04
6.3096E+01		4.0179E+04
1.0789E+02		5.1404E+04
1.9588E+02		6.5766E+04
3.3497E+02		7.9250E+04
5.7280E+02		1.0765E+05
9.2257E+02		1.3772E+05
1.5776E+03		1.7620E+05
2.8642E+03		2.3933E+05
4.0926E+03		3.2434E+05
5.8479E+03		4.1400E+05
9.3972E+03		5.6234E+05

