 5.20500000e+01 8.04433757e+01 7.29113203e+03
 5.88044393e+01 1.35071098e+02 8.36870438e+03
 6.64353907e+01 1.96787767e+02 9.58611145e+03
 7.50565976e+01 2.66513302e+02 1.09614993e+04
 8.47965637e+01 3.49947209e+02 1.25278716e+04
 9.58004685e+01 4.54220575e+02 1.43093606e+04
 1.08232331e+02 5.88095935e+02 1.63380823e+04
 1.22277455e+02 7.62297802e+02 1.86493633e+04
 1.38145191e+02 9.85513303e+02 2.12780477e+04
 1.56072056e+02 1.27115041e+03 2.42516734e+04
 1.76325260e+02 1.63706338e+03 2.75824569e+04
 1.99206687e+02 2.10291806e+03 3.13307376e+04
 2.25057397e+02 2.70123217e+03 3.55729946e+04
 2.54262710e+02 3.46386811e+03 4.03756079e+04
 2.87257946e+02 4.43343691e+03 4.57406518e+04
 3.24534918e+02 5.66909702e+03 5.16823170e+04
 3.66649258e+02 7.24031473e+03 5.82521373e+04
 4.14228705e+02 9.22612857e+03 6.55127605e+04
 4.67982454e+02 1.17246501e+04 7.34819222e+04
 5.28711736e+02 1.48268261e+04 8.22724572e+04
 5.97321752e+02 1.86423142e+04 9.18945237e+04
 6.74835172e+02 2.32958361e+04 1.02537125e+05
 7.62407377e+02 2.89144383e+04 1.14390139e+05
 8.61343676e+02 3.56767793e+04 1.27466768e+05
 9.73118770e+02 4.37845059e+04 1.41744894e+05
 1.09939873e+03 5.33686680e+04 1.57045447e+05
 1.24206582e+03 6.45711216e+04 1.72835529e+05
 1.40324657e+03 7.76845896e+04 1.89028079e+05
 1.58534347e+03 9.30675602e+04 2.05280971e+05
 1.79107078e+03 1.10917523e+05 2.21001494e+05
 2.02349497e+03 1.31199058e+05 2.35921001e+05
 2.28608044e+03 1.53699276e+05 2.49901247e+05
 2.58274119e+03 1.78343888e+05 2.63036254e+05
 2.91789908e+03 2.04982823e+05 2.75503143e+05
 3.29654985e+03 2.32956475e+05 2.86775995e+05
 3.72433748e+03 2.61326659e+05 2.96614161e+05
 4.20763837e+03 2.89627683e+05 3.05297754e+05
 4.75365640e+03 3.17634145e+05 3.12898211e+05
 5.37053025e+03 3.45455585e+05 3.19186252e+05
 6.06745476e+03 3.73074075e+05 3.23964719e+05
 6.85481797e+03 4.00395532e+05 3.27309148e+05
 7.74435596e+03 4.27628801e+05 3.29609197e+05
 8.74932776e+03 4.55152535e+05 3.31197111e+05
 9.88471304e+03 4.82899601e+05 3.32113754e+05
 1.11674353e+04 5.10846888e+05 3.32371276e+05
 1.26166143e+04 5.38402612e+05 3.32108657e+05
 1.42538507e+04 5.65000663e+05 3.31373373e+05
 1.61035485e+04 5.90763133e+05 3.30489287e+05
 1.81932784e+04 6.15819299e+05 3.29866874e+05
 2.05541890e+04 6.40201551e+05 3.29536988e+05
 2.32214709e+04 6.63884050e+05 3.29413509e+05
 2.62348814e+04 6.86631924e+05 3.29480985e+05
 2.96393370e+04 7.09147425e+05 3.30071957e+05
 3.34855830e+04 7.32094701e+05 3.31354557e+05
 3.78309497e+04 7.55066431e+05 3.32847260e+05
 4.27402072e+04 7.77935825e+05 3.34173521e+05
 4.82865307e+04 8.00858937e+05 3.35486983e+05
 5.45525911e+04 8.24137180e+05 3.37097254e+05
 6.16317874e+04 8.47942029e+05 3.39194352e+05
 6.96296389e+04 8.71959391e+05 3.41483594e+05
 7.86653579e+04 8.95942804e+05 3.43851548e+05
 8.88736266e+04 9.20291392e+05 3.46808285e+05
 1.00406605e+05 9.45189670e+05 3.50780281e+05
 1.13436198e+05 9.70089016e+05 3.55565799e+05
 1.28156619e+05 9.94484411e+05 3.60959660e+05
 1.44787284e+05 1.01863435e+06 3.67039363e+05
 1.63576082e+05 1.04275852e+06 3.74393912e+05
 1.84803070e+05 1.06700384e+06 3.83668281e+05
 2.08784648e+05 1.09086942e+06 3.94886066e+05
 2.35878274e+05 1.11371754e+06 4.08024990e+05
 2.66487794e+05 1.13636459e+06 4.23575674e+05
 3.01069458e+05 1.15977898e+06 4.42001414e+05
 3.40138726e+05 1.18400599e+06 4.63515757e+05
 3.84277946e+05 1.20834742e+06 4.87936834e+05
 4.34145037e+05 1.23227744e+06 5.14999853e+05
 4.90483294e+05 1.25622815e+06 5.44555015e+05
 5.54132471e+05 1.28077048e+06 5.76396992e+05
 6.26041293e+05 1.30570065e+06 6.10475611e+05
 7.07281599e+05 1.33075671e+06 6.47075027e+05
 7.99064321e+05 1.35623668e+06 6.85107021e+05
 9.02757529e+05 1.38347550e+06 7.24212905e+05
 1.01990683e+06 1.41330945e+06 7.65215592e+05
 1.15225839e+06 1.44632212e+06 8.08890715e+05
 1.30178499e+06 1.48315130e+06 8.55764954e+05
 1.47071539e+06 1.52393066e+06 9.06858460e+05
 1.66156761e+06 1.56819309e+06 9.62546457e+05
 1.87718640e+06 1.61603393e+06 1.02662318e+06
 2.12078566e+06 1.66739693e+06 1.10113303e+06
 2.39599638e+06 1.72170432e+06 1.18483006e+06
 2.70692073e+06 1.77888001e+06 1.27771643e+06
 3.05819319e+06 1.83963495e+06 1.38092744e+06
 3.45504969e+06 1.90533883e+06 1.49345229e+06
 3.90340557e+06 1.97809054e+06 1.61409800e+06
 4.40994382e+06 2.05768161e+06 1.74180132e+06
 4.98221467e+06 2.14407953e+06 1.87720669e+06
 5.62874814e+06 2.23985954e+06 2.02369186e+06
 6.35918114e+06 2.34696735e+06 2.18376143e+06
 7.18440119e+06 2.46634517e+06 2.35850728e+06
 8.11670862e+06 2.60121445e+06 2.55592960e+06
 9.17000000e+06 2.75358549e+06 2.77897107e+06
