 2.37800000e-02 6.46261960e+01 8.29533160e+03
 2.84818824e-02 2.30087404e+02 1.00316699e+04
 3.41134410e-02 4.28264303e+02 1.21113245e+04
 4.08584952e-02 6.65625578e+02 1.46021771e+04
 4.89372100e-02 9.69017714e+02 1.75764766e+04
 5.86132827e-02 1.37081788e+03 2.11139581e+04
 7.02025495e-02 1.91358218e+03 2.53086451e+04
 8.40832952e-02 2.65827971e+03 3.02684278e+04
 1.00708601e-01 3.68379314e+03 3.61162255e+04
 1.20621132e-01 5.08956320e+03 4.29998588e+04
 1.44470854e-01 7.00740797e+03 5.11161282e+04
 1.73036244e-01 9.61398102e+03 6.06373973e+04
 2.07249704e-01 1.31616904e+04 7.17349220e+04
 2.48227994e-01 1.79884993e+04 8.45461811e+04
 2.97308685e-01 2.44352020e+04 9.91891448e+04
 3.56093819e-01 3.28819817e+04 1.15773921e+05
 4.26502198e-01 4.37313822e+04 1.34257486e+05
 5.10832021e-01 5.74805837e+04 1.54341406e+05
 6.11835894e-01 7.46697555e+04 1.75702030e+05
 7.32810681e-01 9.56719964e+04 1.97908363e+05
 8.77705116e-01 1.20512491e+05 2.20434280e+05
 1.05124869e+00 1.49314023e+05 2.42462188e+05
 1.25910604e+00 1.82082467e+05 2.62982314e+05
 1.50806183e+00 2.18596801e+05 2.81198044e+05
 1.80624220e+00 2.58129203e+05 2.96509377e+05
 2.16338007e+00 2.99641727e+05 3.08396484e+05
 2.59113275e+00 3.42224246e+05 3.16445641e+05
 3.10346250e+00 3.85277281e+05 3.20470396e+05
 3.71709227e+00 4.27844738e+05 3.20906430e+05
 4.45205151e+00 4.68958626e+05 3.18343656e+05
 5.33233001e+00 5.08068559e+05 3.13191829e+05
 6.38666091e+00 5.45144914e+05 3.06008002e+05
 7.64945858e+00 5.80302226e+05 2.97317053e+05
 9.16194196e+00 6.13339939e+05 2.87652652e+05
 1.09734800e+01 6.44441651e+05 2.77509168e+05
 1.31432030e+01 6.74002802e+05 2.67122462e+05
 1.57419328e+01 7.02329057e+05 2.56752966e+05
 1.88544945e+01 7.29260047e+05 2.46625883e+05
 2.25824850e+01 7.54440438e+05 2.36844283e+05
 2.70475897e+01 7.77647387e+05 2.27449657e+05
 3.23955538e+01 7.99586303e+05 2.18534626e+05
 3.88009401e+01 8.19844630e+05 2.10062606e+05
 4.64728265e+01 8.38018068e+05 2.01798745e+05
 5.56616308e+01 8.54554987e+05 1.93734467e+05
 6.66672844e+01 8.70226961e+05 1.86016302e+05
 7.98490225e+01 8.86074737e+05 1.78885120e+05
 9.56371098e+01 9.02662388e+05 1.72362783e+05
 1.14546885e+02 9.19627459e+05 1.66377634e+05
 1.37195580e+02 9.37495517e+05 1.60894824e+05
 1.64322472e+02 9.56792879e+05 1.56047010e+05
 1.96813008e+02 9.76369112e+05 1.51678084e+05
 2.35727710e+02 9.95688875e+05 1.47633140e+05
 2.82336793e+02 1.01384062e+06 1.43509790e+05
 3.38161620e+02 1.03039615e+06 1.39364957e+05
 4.05024370e+02 1.04542865e+06 1.35238179e+05
 4.85107505e+02 1.05896195e+06 1.31102425e+05
 5.81025018e+02 1.07127610e+06 1.26785636e+05
 6.95907748e+02 1.08358703e+06 1.22429045e+05
 8.33505578e+02 1.09579892e+06 1.18230158e+05
 9.98309835e+02 1.10824387e+06 1.14332041e+05
 1.19569989e+03 1.12184952e+06 1.10610980e+05
 1.43211874e+03 1.13666230e+06 1.07051765e+05
 1.71528333e+03 1.15236631e+06 1.03738118e+05
 2.05443642e+03 1.16795771e+06 1.00853715e+05
 2.46064830e+03 1.18312744e+06 9.83269788e+04
 2.94717811e+03 1.19776064e+06 9.60216000e+04
 3.52990667e+03 1.21196259e+06 9.39303715e+04
 4.22785478e+03 1.22543564e+06 9.20886917e+04
 5.06380415e+03 1.23788231e+06 9.05214352e+04
 6.06504097e+03 1.24941905e+06 8.91784169e+04
 7.26424659e+03 1.26089920e+06 8.80081855e+04
 8.70056422e+03 1.27240333e+06 8.70826661e+04
 1.04208767e+04 1.28378715e+06 8.65106725e+04
 1.24813366e+04 1.29465427e+06 8.62043731e+04
 1.49491994e+04 1.30475449e+06 8.62642372e+04
 1.79050185e+04 1.31378650e+06 8.68073669e+04
 2.14452746e+04 1.32191730e+06 8.79818328e+04
 2.56855252e+04 1.32958714e+06 8.99506778e+04
 3.07641762e+04 1.33771866e+06 9.29456093e+04
 3.68469995e+04 1.34663758e+06 9.68889247e+04
 4.41325445e+04 1.35618866e+06 1.01991133e+05
 5.28586183e+04 1.36661483e+06 1.08442740e+05
 6.33100484e+04 1.37829668e+06 1.16468995e+05
 7.58279796e+04 1.39064000e+06 1.25936192e+05
 9.08210093e+04 1.40294719e+06 1.36893366e+05
 1.08778524e+05 1.41466173e+06 1.49415618e+05
 1.30286675e+05 1.42628496e+06 1.64015852e+05
 1.56047509e+05 1.43854840e+06 1.80997089e+05
 1.86901884e+05 1.45152728e+06 2.00671496e+05
 2.23856917e+05 1.46533204e+06 2.23411618e+05
 2.68118856e+05 1.48049027e+06 2.50103870e+05
 3.21132453e+05 1.49748895e+06 2.81549079e+05
 3.84628123e+05 1.51669314e+06 3.18441073e+05
 4.60678426e+05 1.53866755e+06 3.61367598e+05
 5.51765718e+05 1.56403861e+06 4.11108372e+05
 6.60863175e+05 1.59358068e+06 4.68950319e+05
 7.91531844e+05 1.62825602e+06 5.36482611e+05
 9.48036876e+05 1.66917028e+06 6.15204390e+05
 1.13548675e+06 1.71817427e+06 7.09491372e+05
 1.36000000e+06 1.77686754e+06 8.22421175e+05
