 4.57200000e+00 1.41318587e+02 8.56418791e+03
 5.18952337e+00 2.27479428e+02 9.82628610e+03
 5.89045336e+00 3.25277700e+02 1.12588513e+04
 6.68605541e+00 4.36285227e+02 1.28849078e+04
 7.58911653e+00 5.70671611e+02 1.47355693e+04
 8.61415083e+00 7.39351624e+02 1.68436084e+04
 9.77763276e+00 9.52947370e+02 1.92391507e+04
 1.10982620e+01 1.22307551e+03 2.19528889e+04
 1.25972637e+01 1.57207880e+03 2.50154245e+04
 1.42987302e+01 2.02208067e+03 2.84727882e+04
 1.62300075e+01 2.59943285e+03 3.23934691e+04
 1.84221355e+01 3.32152945e+03 3.68082516e+04
 2.09103461e+01 4.21623947e+03 4.17507401e+04
 2.37346303e+01 5.35259298e+03 4.73459140e+04
 2.69403803e+01 6.81818241e+03 5.37620818e+04
 3.05791192e+01 8.68772973e+03 6.11006434e+04
 3.47093293e+01 1.10639735e+04 6.93711378e+04
 3.93973918e+01 1.40836424e+04 7.84358001e+04
 4.47186538e+01 1.79250046e+04 8.83936816e+04
 5.07586393e+01 2.27804974e+04 9.93372427e+04
 5.76144236e+01 2.88115978e+04 1.11155146e+05
 6.53961937e+01 3.61470039e+04 1.23644749e+05
 7.42290190e+01 4.49072908e+04 1.36762685e+05
 8.42548619e+01 5.52707240e+04 1.50551551e+05
 9.56348589e+01 6.74010292e+04 1.65142314e+05
 1.08551910e+02 8.14720224e+04 1.80310033e+05
 1.23213621e+02 9.75839681e+04 1.95680385e+05
 1.39855636e+02 1.15688407e+05 2.10927027e+05
 1.58745426e+02 1.35842558e+05 2.25754756e+05
 1.80186592e+02 1.58168686e+05 2.39853005e+05
 2.04523738e+02 1.82503665e+05 2.52848468e+05
 2.32148013e+02 2.08462741e+05 2.64401595e+05
 2.63503399e+02 2.35529655e+05 2.74197550e+05
 2.99093842e+02 2.63332923e+05 2.82237158e+05
 3.39491356e+02 2.91791570e+05 2.88565247e+05
 3.85345215e+02 3.20647213e+05 2.93172591e+05
 4.37392388e+02 3.49249813e+05 2.95985188e+05
 4.96469383e+02 3.77174837e+05 2.97070040e+05
 5.63525692e+02 4.04641444e+05 2.96753596e+05
 6.39639052e+02 4.31821894e+05 2.95453107e+05
 7.26032766e+02 4.58567341e+05 2.93282665e+05
 8.24095364e+02 4.84411384e+05 2.90394272e+05
 9.35402919e+02 5.08904795e+05 2.86998788e+05
 1.06174438e+03 5.32619639e+05 2.83350410e+05
 1.20515032e+03 5.56517734e+05 2.79763795e+05
 1.36792558e+03 5.79937501e+05 2.76107580e+05
 1.55268630e+03 6.02410792e+05 2.72162564e+05
 1.76240197e+03 6.24179082e+05 2.68187022e+05
 2.00044318e+03 6.45736669e+05 2.64471908e+05
 2.27063575e+03 6.67599336e+05 2.61275367e+05
 2.57732224e+03 6.89355092e+05 2.58454014e+05
 2.92543175e+03 7.09317894e+05 2.55593966e+05
 3.32055915e+03 7.28414203e+05 2.52782811e+05
 3.76905496e+03 7.47549016e+05 2.50322945e+05
 4.27812747e+03 7.66493540e+05 2.47936812e+05
 4.85595855e+03 7.84978007e+05 2.45406211e+05
 5.51183516e+03 8.03022512e+05 2.42723115e+05
 6.25629863e+03 8.20827363e+05 2.40230978e+05
 7.10131407e+03 8.39428004e+05 2.38205547e+05
 8.06046266e+03 8.58209444e+05 2.36659926e+05
 9.14915996e+03 8.76700993e+05 2.35424898e+05
 1.03849036e+04 8.95152837e+05 2.34495144e+05
 1.17875547e+04 9.13711472e+05 2.33738447e+05
 1.33796567e+04 9.32104448e+05 2.32778952e+05
 1.51867981e+04 9.50202320e+05 2.31214640e+05
 1.72380236e+04 9.68408348e+05 2.29333467e+05
 1.95663006e+04 9.87061849e+05 2.27318522e+05
 2.22090494e+04 1.00603978e+06 2.25164437e+05
 2.52087447e+04 1.02512058e+06 2.22934105e+05
 2.86135979e+04 1.04416068e+06 2.20869684e+05
 3.24783322e+04 1.06322793e+06 2.19415787e+05
 3.68650621e+04 1.08177430e+06 2.18915508e+05
 4.18442916e+04 1.09886285e+06 2.19105899e+05
 4.74960475e+04 1.11397319e+06 2.19810411e+05
 5.39111654e+04 1.12746878e+06 2.21194546e+05
 6.11927499e+04 1.13998831e+06 2.23457285e+05
 6.94578315e+04 1.15156787e+06 2.26675169e+05
 7.88392474e+04 1.16257754e+06 2.30619354e+05
 8.94877771e+04 1.17387213e+06 2.35216255e+05
 1.01574565e+05 1.18636233e+06 2.40631343e+05
 1.15293871e+05 1.20062203e+06 2.47006765e+05
 1.30866193e+05 1.21610816e+06 2.54489139e+05
 1.48541813e+05 1.23202354e+06 2.63227973e+05
 1.68604814e+05 1.24939232e+06 2.73235482e+05
 1.91377651e+05 1.26776800e+06 2.84688394e+05
 2.17226333e+05 1.28700546e+06 2.97659367e+05
 2.46566301e+05 1.30710974e+06 3.12033398e+05
 2.79869112e+05 1.32841346e+06 3.27951043e+05
 3.17670012e+05 1.35100018e+06 3.45562521e+05
 3.60576542e+05 1.37485642e+06 3.65082653e+05
 4.09278301e+05 1.39950854e+06 3.86843910e+05
 4.64558028e+05 1.42571745e+06 4.11236116e+05
 5.27304187e+05 1.45291176e+06 4.38844850e+05
 5.98525240e+05 1.48052643e+06 4.70441755e+05
 6.79365862e+05 1.50764364e+06 5.06577532e+05
 7.71125331e+05 1.53501372e+06 5.47823961e+05
 8.75278417e+05 1.56371817e+06 5.94699465e+05
 9.93499081e+05 1.59277142e+06 6.48145339e+05
 1.12768738e+06 1.62574879e+06 7.08809953e+05
 1.28000000e+06 1.66318030e+06 7.77668315e+05
