 3.25900000e-01 8.05201017e+01 9.18464583e+03
 3.76061716e-01 1.86816758e+02 1.05143285e+04
 4.33944199e-01 3.09474331e+02 1.20486726e+04
 5.00735809e-01 4.51011052e+02 1.38191792e+04
 5.77807817e-01 6.27116001e+02 1.58743894e+04
 6.66742557e-01 8.53016896e+02 1.82624954e+04
 7.69365911e-01 1.14951746e+03 2.10299123e+04
 8.87784795e-01 1.54447552e+03 2.42312564e+04
 1.02443042e+00 2.07058262e+03 2.79365646e+04
 1.18210820e+00 2.76450669e+03 3.22138507e+04
 1.36405535e+00 3.68162302e+03 3.71327884e+04
 1.57400735e+00 4.89082452e+03 4.27680249e+04
 1.81627464e+00 6.47352046e+03 4.92113966e+04
 2.09583111e+00 8.51147534e+03 5.66080217e+04
 2.41841621e+00 1.11301880e+04 6.50517186e+04
 2.79065281e+00 1.44552835e+04 7.45946504e+04
 3.22018314e+00 1.86228804e+04 8.52476979e+04
 3.71582571e+00 2.37553526e+04 9.70144331e+04
 4.28775634e+00 3.00050415e+04 1.09853021e+05
 4.94771712e+00 3.75500340e+04 1.23645352e+05
 5.70925741e+00 4.66008649e+04 1.38173036e+05
 6.58801209e+00 5.73354751e+04 1.53300725e+05
 7.60202250e+00 7.02372442e+04 1.69323912e+05
 8.77210687e+00 8.55215163e+04 1.85862874e+05
 1.01222877e+01 1.03410312e+05 2.02837205e+05
 1.16802850e+01 1.24047851e+05 2.19928052e+05
 1.34780854e+01 1.47409981e+05 2.36826014e+05
 1.55525987e+01 1.73393646e+05 2.53131764e+05
 1.79464160e+01 2.01749276e+05 2.68287090e+05
 2.07086836e+01 2.31365731e+05 2.80418269e+05
 2.38961126e+01 2.61960045e+05 2.90095030e+05
 2.75741427e+01 2.93121417e+05 2.96632417e+05
 3.18182861e+01 3.24414547e+05 3.00211143e+05
 3.67156774e+01 3.55672146e+05 3.01075945e+05
 4.23668631e+01 3.86581423e+05 2.99496887e+05
 4.88878651e+01 4.16879537e+05 2.95865438e+05
 5.64125635e+01 4.46891074e+05 2.91542211e+05
 6.50954448e+01 4.76309718e+05 2.85951102e+05
 7.51147735e+01 5.04939147e+05 2.79730132e+05
 8.66762523e+01 5.32596520e+05 2.72778078e+05
 1.00017245e+02 5.58997961e+05 2.65035604e+05
 1.15411650e+02 5.84255192e+05 2.56913232e+05
 1.33175524e+02 6.08479711e+05 2.48940598e+05
 1.53673569e+02 6.31726818e+05 2.41794309e+05
 1.77326622e+02 6.53999475e+05 2.35586487e+05
 2.04620294e+02 6.75452493e+05 2.30321726e+05
 2.36114940e+02 6.96114670e+05 2.26035634e+05
 2.72457163e+02 7.16292818e+05 2.22731800e+05
 3.14393091e+02 7.36339389e+05 2.20006858e+05
 3.62783693e+02 7.56016113e+05 2.17443362e+05
 4.18622455e+02 7.75479149e+05 2.14544568e+05
 4.83055780e+02 7.94739493e+05 2.11333615e+05
 5.57406523e+02 8.13817972e+05 2.07907446e+05
 6.43201146e+02 8.33318096e+05 2.04381822e+05
 7.42201065e+02 8.52535105e+05 2.00815378e+05
 8.56438804e+02 8.70078265e+05 1.97269794e+05
 9.88259731e+02 8.87419956e+05 1.93736635e+05
 1.14037021e+03 9.04718126e+05 1.90201209e+05
 1.31589315e+03 9.22066450e+05 1.86717828e+05
 1.51843214e+03 9.39272616e+05 1.83412142e+05
 1.75214544e+03 9.55663867e+05 1.80300472e+05
 2.02183130e+03 9.71659730e+05 1.77393689e+05
 2.33302654e+03 9.88215390e+05 1.74716868e+05
 2.69212017e+03 1.00361446e+06 1.72308605e+05
 3.10648460e+03 1.01760023e+06 1.70170248e+05
 3.58462697e+03 1.03026748e+06 1.68172605e+05
 4.13636382e+03 1.04183099e+06 1.66168483e+05
 4.77302264e+03 1.05258561e+06 1.64135703e+05
 5.50767440e+03 1.06284763e+06 1.62104355e+05
 6.35540192e+03 1.07273706e+06 1.60071465e+05
 7.33360955e+03 1.08270551e+06 1.58051877e+05
 8.46238047e+03 1.09315314e+06 1.56141983e+05
 9.76488899e+03 1.10409293e+06 1.54500445e+05
 1.12678764e+04 1.11547119e+06 1.53139569e+05
 1.30021998e+04 1.12725429e+06 1.52079441e+05
 1.50034661e+04 1.13947111e+06 1.51382773e+05
 1.73127622e+04 1.15220643e+06 1.51154044e+05
 1.99774994e+04 1.16514326e+06 1.51359914e+05
 2.30523864e+04 1.17768383e+06 1.51889551e+05
 2.66005522e+04 1.18968940e+06 1.52695207e+05
 3.06948430e+04 1.20107410e+06 1.53861431e+05
 3.54193167e+04 1.21177402e+06 1.55478727e+05
 4.08709698e+04 1.22175863e+06 1.57647102e+05
 4.71617276e+04 1.23104428e+06 1.60418128e+05
 5.44207432e+04 1.23997955e+06 1.63957835e+05
 6.27970485e+04 1.24963698e+06 1.68463111e+05
 7.24626138e+04 1.26101003e+06 1.74097516e+05
 8.36158788e+04 1.27400481e+06 1.81019403e+05
 9.64858265e+04 1.28898064e+06 1.89317855e+05
 1.11336685e+05 1.30649938e+06 1.98996128e+05
 1.28473350e+05 1.32724730e+06 2.10157061e+05
 1.48247648e+05 1.35057163e+06 2.22975016e+05
 1.71065556e+05 1.37481121e+06 2.37638264e+05
 1.97395541e+05 1.39808277e+06 2.54297041e+05
 2.27778171e+05 1.42178836e+06 2.73261660e+05
 2.62837219e+05 1.44602401e+06 2.94981870e+05
 3.03292469e+05 1.47062173e+06 3.20040172e+05
 3.49974491e+05 1.49436886e+06 3.48944249e+05
 4.03841693e+05 1.52177108e+06 3.82297169e+05
 4.66000000e+05 1.55339099e+06 4.20783688e+05
