 6.69610561e-02 5.50923585e-01 5.41374380e+02
 7.65150687e-02 2.01168634e+00 6.21810892e+02
 8.74322493e-02 3.68087093e+00 7.13724096e+02
 9.99070946e-02 5.65437995e+00 8.18777574e+02
 1.14161853e-01 8.02270096e+00 9.38848526e+02
 1.30450481e-01 1.09101794e+01 1.07610174e+03
 1.49063174e-01 1.44730392e+01 1.23301883e+03
 1.70331528e-01 1.88153953e+01 1.41241642e+03
 1.94634454e-01 2.42845349e+01 1.61753048e+03
 2.22404925e-01 3.12473287e+01 1.85204953e+03
 2.54137690e-01 4.01728576e+01 2.12022596e+03
 2.90398091e-01 5.16704099e+01 2.42686616e+03
 3.31832130e-01 6.64994072e+01 2.77748683e+03
 3.79177984e-01 8.56800861e+01 3.17832963e+03
 4.33279151e-01 1.10654585e+02 3.63624216e+03
 4.95099480e-01 1.42919677e+02 4.15901224e+03
 5.65740342e-01 1.84537847e+02 4.75535878e+03
 6.46460252e-01 2.38164040e+02 5.43486457e+03
 7.38697289e-01 3.07210152e+02 6.20829224e+03
 8.44094720e-01 3.96050421e+02 7.08750053e+03
 9.64530271e-01 5.10233693e+02 8.08609914e+03
 1.10214958e+00 6.56818350e+02 9.21952766e+03
 1.25940444e+00 8.44820793e+02 1.05047569e+04
 1.43909644e+00 1.08560411e+03 1.19604675e+04
 1.64442691e+00 1.39363148e+03 1.36058772e+04
 1.87905397e+00 1.78719384e+03 1.54635468e+04
 2.14715765e+00 2.28839020e+03 1.75581496e+04
 2.45351440e+00 2.92382389e+03 1.99150777e+04
 2.80358217e+00 3.72664450e+03 2.25526013e+04
 3.20359766e+00 4.73936077e+03 2.54844528e+04
 3.66068741e+00 6.01587820e+03 2.87245286e+04
 4.18299480e+00 7.62211223e+03 3.22904264e+04
 4.77982507e+00 9.63202247e+03 3.61862545e+04
 5.46181117e+00 1.21204015e+04 4.03910956e+04
 6.24110314e+00 1.51727663e+04 4.48659336e+04
 7.13158459e+00 1.88846232e+04 4.95888421e+04
 8.14912006e+00 2.33504903e+04 5.45269282e+04
 9.31183764e+00 2.85869993e+04 5.95747945e+04
 1.06404519e+01 3.45800163e+04 6.45978390e+04
 1.21586331e+01 4.12968218e+04 6.94586104e+04
 1.38934285e+01 4.87145334e+04 7.40580623e+04
 1.58757448e+01 5.67270096e+04 7.82772534e+04
 1.81408982e+01 6.51743923e+04 8.19586366e+04
 2.07292441e+01 7.38456367e+04 8.49612616e+04
 2.36868955e+01 8.27064646e+04 8.73162063e+04
 2.70665450e+01 9.17048704e+04 8.90596694e+04
 3.09284033e+01 1.00755407e+05 9.02285729e+04
 3.53412722e+01 1.09712881e+05 9.08327526e+04
 4.03837698e+01 1.18578506e+05 9.09849762e+04
 4.61457316e+01 1.27366858e+05 9.08109776e+04
 5.27298109e+01 1.36089077e+05 9.04270893e+04
 6.02533076e+01 1.44612425e+05 8.98276918e+04
 6.88502578e+01 1.52864764e+05 8.90453753e+04
 7.86738221e+01 1.60841583e+05 8.81347446e+04
 8.98990138e+01 1.68577977e+05 8.71618814e+04
 1.02725817e+02 1.75997780e+05 8.61126037e+04
 1.17382751e+02 1.83061542e+05 8.49946296e+04
 1.34130938e+02 1.89874473e+05 8.38285921e+04
 1.53268759e+02 1.96532730e+05 8.26450981e+04
 1.75137167e+02 2.03100744e+05 8.14626014e+04
 2.00125762e+02 2.09608261e+05 8.02946892e+04
 2.28679733e+02 2.16112244e+05 7.91475244e+04
 2.61307789e+02 2.22703384e+05 7.80312841e+04
 2.98591220e+02 2.29422759e+05 7.69575274e+04
 3.41194256e+02 2.36182759e+05 7.59275069e+04
 3.89875900e+02 2.42936045e+05 7.49334936e+04
 4.45503447e+02 2.49652695e+05 7.39695502e+04
 5.09067940e+02 2.56279788e+05 7.30268287e+04
 5.81701823e+02 2.62721396e+05 7.21034031e+04
 6.64699119e+02 2.68886430e+05 7.11962619e+04
 7.59538481e+02 2.74791392e+05 7.02996432e+04
 8.67909536e+02 2.80455263e+05 6.94115542e+04
 9.91742988e+02 2.85877841e+05 6.85425207e+04
 1.13324501e+03 2.91046575e+05 6.77013731e+04
 1.29493657e+03 2.96020301e+05 6.68989401e+04
 1.47969830e+03 3.00880965e+05 6.61479267e+04
 1.69082185e+03 3.05687819e+05 6.54660581e+04
 1.93206855e+03 3.10424995e+05 6.48750438e+04
 2.20773635e+03 3.15121571e+05 6.44024992e+04
 2.52273648e+03 3.19836306e+05 6.40656914e+04
 2.88268087e+03 3.24606310e+05 6.38847898e+04
 3.29398217e+03 3.29424024e+05 6.38817496e+04
 3.76396800e+03 3.34283876e+05 6.40720925e+04
 4.30101147e+03 3.39212046e+05 6.44624156e+04
 4.91468038e+03 3.44225090e+05 6.50553800e+04
 5.61590765e+03 3.49295633e+05 6.58480068e+04
 6.41718613e+03 3.54354761e+05 6.68519305e+04
 7.33279113e+03 3.59409191e+05 6.80642847e+04
 8.37903478e+03 3.64468840e+05 6.94713127e+04
 9.57455661e+03 3.69533897e+05 7.10595409e+04
 1.09406557e+04 3.74557999e+05 7.28283226e+04
 1.25016699e+04 3.79549448e+05 7.47742641e+04
 1.42854099e+04 3.84564161e+05 7.68909302e+04
 1.63236542e+04 3.89662610e+05 7.91619142e+04
 1.86527154e+04 3.94916093e+05 8.16100820e+04
 2.13140874e+04 4.00431386e+05 8.42716067e+04
 2.43551843e+04 4.06317158e+05 8.71839933e+04
 2.78301853e+04 4.13042712e+05 9.05119196e+04
 3.18010000e+04 4.20727870e+05 9.43146749e+04
