 2.33000000e-02 2.65417749e+00 2.53154087e+02
 2.67800537e-02 3.76167870e+00 2.89941658e+02
 3.07798831e-02 5.03459466e+00 3.32223767e+02
 3.53771212e-02 6.49763148e+00 3.80821070e+02
 4.06609959e-02 8.25252545e+00 4.36625776e+02
 4.67340624e-02 1.04158946e+01 5.00668189e+02
 5.37141932e-02 1.31150160e+01 5.74138908e+02
 6.17368660e-02 1.65149645e+01 6.58390444e+02
 7.09577935e-02 2.08157400e+01 7.54975353e+02
 8.15559451e-02 2.62587849e+01 8.65662871e+02
 9.37370210e-02 3.31458571e+01 9.92461413e+02
 1.07737444e-01 4.18332368e+01 1.13765086e+03
 1.23828951e-01 5.27417941e+01 1.30380956e+03
 1.42323860e-01 6.63835647e+01 1.49386875e+03
 1.63581143e-01 8.33672847e+01 1.71115140e+03
 1.88013382e-01 1.04391666e+02 1.95940354e+03
 2.16094783e-01 1.30260274e+02 2.24292114e+03
 2.48370382e-01 1.61934129e+02 2.56655199e+03
 2.85466617e-01 2.00540776e+02 2.93574841e+03
 3.28103491e-01 2.47420243e+02 3.35672149e+03
 3.77108545e-01 3.04171598e+02 3.83645316e+03
 4.33432923e-01 3.72722643e+02 4.38285871e+03
 4.98169826e-01 4.55522864e+02 5.00506615e+03
 5.72575738e-01 5.55678217e+02 5.71340446e+03
 6.58094808e-01 6.77054383e+02 6.51965565e+03
 7.56386880e-01 8.24531644e+02 7.43722146e+03
 8.69359711e-01 1.00434040e+03 8.48097936e+03
 9.99205998e-01 1.22434582e+03 9.66770825e+03
 1.14844593e+00 1.49448615e+03 1.10158174e+04
 1.31997613e+00 1.82729372e+03 1.25451289e+04
 1.51712582e+00 2.23864861e+03 1.42770075e+04
 1.74372150e+00 2.74827197e+03 1.62337734e+04
 2.00416118e+00 3.38105126e+03 1.84383390e+04
 2.30349974e+00 4.16786753e+03 2.09135270e+04
 2.64754707e+00 5.14644461e+03 2.36798672e+04
 3.04298081e+00 6.36235881e+03 2.67550247e+04
 3.49747594e+00 7.86879893e+03 3.01504039e+04
 4.01985380e+00 9.72603056e+03 3.38676334e+04
 4.62025325e+00 1.20016542e+04 3.78985621e+04
 5.31032747e+00 1.47652105e+04 4.22176445e+04
 6.10347017e+00 1.80851727e+04 4.67799550e+04
 7.01507549e+00 2.20285955e+04 5.15277224e+04
 8.06283684e+00 2.66535838e+04 5.63832077e+04
 9.26709029e+00 3.19978541e+04 6.12486442e+04
 1.06512093e+01 3.80785193e+04 6.60160245e+04
 1.22420582e+01 4.48887038e+04 7.05675770e+04
 1.40705140e+01 5.23924412e+04 7.47936318e+04
 1.61720652e+01 6.05193969e+04 7.85991543e+04
 1.85875011e+01 6.91705634e+04 8.18917974e+04
 2.13637029e+01 7.82183245e+04 8.46064518e+04
 2.45545541e+01 8.75340473e+04 8.67203129e+04
 2.82219862e+01 9.69885392e+04 8.82395873e+04
 3.24371805e+01 1.06445622e+05 8.91953682e+04
 3.72819501e+01 1.15793292e+05 8.96408162e+04
 4.28503273e+01 1.24967589e+05 8.96453505e+04
 4.92503891e+01 1.33910342e+05 8.92960096e+04
 5.66063547e+01 1.42598532e+05 8.86776170e+04
 6.50609965e+01 1.51028875e+05 8.78614167e+04
 7.47784112e+01 1.59204748e+05 8.69065289e+04
 8.59472047e+01 1.67152437e+05 8.58661816e+04
 9.87841527e+01 1.74900878e+05 8.47754206e+04
 1.13538408e+02 1.82452021e+05 8.36539438e+04
 1.30496338e+02 1.89829608e+05 8.25134791e+04
 1.49987079e+02 1.97053707e+05 8.13603270e+04
 1.72388928e+02 2.04132735e+05 8.01927837e+04
 1.98136685e+02 2.11071363e+05 7.90105436e+04
 2.27730088e+02 2.17875613e+05 7.78139529e+04
 2.61743519e+02 2.24543919e+05 7.66052248e+04
 3.00837146e+02 2.31076358e+05 7.53862297e+04
 3.45769740e+02 2.37472215e+05 7.41635257e+04
 3.97413399e+02 2.43727803e+05 7.29428370e+04
 4.56770479e+02 2.49840827e+05 7.17287938e+04
 5.24993046e+02 2.55814419e+05 7.05289723e+04
 6.03405234e+02 2.61653302e+05 6.93499341e+04
 6.93528952e+02 2.67354941e+05 6.81995247e+04
 7.97113416e+02 2.72922626e+05 6.70890130e+04
 9.16169102e+02 2.78360397e+05 6.60281949e+04
 1.05300677e+03 2.83673234e+05 6.50302394e+04
 1.21028231e+03 2.88864008e+05 6.41115170e+04
 1.39104830e+03 2.93941434e+05 6.32804842e+04
 1.59881322e+03 2.98907931e+05 6.25493850e+04
 1.83760961e+03 3.03778539e+05 6.19258789e+04
 2.11207228e+03 3.08558043e+05 6.14196926e+04
 2.42752829e+03 3.13256419e+05 6.10421599e+04
 2.79010034e+03 3.17878336e+05 6.08025997e+04
 3.20682562e+03 3.22431873e+05 6.07097531e+04
 3.68579238e+03 3.26932283e+05 6.07768953e+04
 4.23629690e+03 3.31392499e+05 6.10094771e+04
 4.86902397e+03 3.35822460e+05 6.14124244e+04
 5.59625423e+03 3.40241143e+05 6.19817993e+04
 6.43210252e+03 3.44659286e+05 6.27074150e+04
 7.39279189e+03 3.49088763e+05 6.35746530e+04
 8.49696840e+03 3.53536023e+05 6.45680922e+04
 9.76606310e+03 3.58020255e+05 6.56757235e+04
 1.12247079e+04 3.62563387e+05 6.68907424e+04
 1.29012138e+04 3.67241536e+05 6.82225587e+04
 1.48281201e+04 3.72159100e+05 6.96916012e+04
 1.70428263e+04 3.77385778e+05 7.13155555e+04
 1.95883177e+04 3.83393106e+05 7.31820613e+04
 2.25140000e+04 3.90297679e+05 7.53273456e+04
