 2.33000000e-02 3.69584818e+00 2.86149983e+02
 2.67800537e-02 5.46646721e+00 3.27170723e+02
 3.07798831e-02 7.50154330e+00 3.74318262e+02
 3.53771212e-02 9.84057535e+00 4.28507686e+02
 4.06609959e-02 1.26535924e+01 4.90654782e+02
 4.67340624e-02 1.61270445e+01 5.61806825e+02
 5.37141932e-02 2.04610911e+01 6.43180638e+02
 6.17368660e-02 2.59131915e+01 7.36136480e+02
 7.09577935e-02 3.27875973e+01 8.42214241e+02
 8.15559451e-02 4.14405875e+01 9.63177446e+02
 9.37370210e-02 5.23127831e+01 1.10100536e+03
 1.07737444e-01 6.59109135e+01 1.25792758e+03
 1.23828951e-01 8.28371535e+01 1.43654022e+03
 1.42323860e-01 1.03814492e+02 1.63974696e+03
 1.63581143e-01 1.29670452e+02 1.87081317e+03
 1.88013382e-01 1.61339232e+02 2.13345053e+03
 2.16094783e-01 1.99859726e+02 2.43188071e+03
 2.48370382e-01 2.46427652e+02 2.77086537e+03
 2.85466617e-01 3.02384772e+02 3.15579224e+03
 3.28103491e-01 3.69218038e+02 3.59261932e+03
 3.77108545e-01 4.48639068e+02 4.08813816e+03
 4.33432923e-01 5.42638676e+02 4.65011653e+03
 4.98169826e-01 6.53574630e+02 5.28719529e+03
 5.72575738e-01 7.84475275e+02 6.00911598e+03
 6.58094808e-01 9.39027982e+02 6.82685045e+03
 7.56386880e-01 1.12186949e+03 7.75266651e+03
 8.69359711e-01 1.33905641e+03 8.80043496e+03
 9.99205998e-01 1.59818492e+03 9.98563537e+03
 1.14844593e+00 1.90879110e+03 1.13250448e+04
 1.31997613e+00 2.28324468e+03 1.28374992e+04
 1.51712582e+00 2.73701318e+03 1.45435284e+04
 1.74372150e+00 3.28923244e+03 1.64650207e+04
 2.00416118e+00 3.96413912e+03 1.86252799e+04
 2.30349974e+00 4.79156054e+03 2.10479976e+04
 2.64754707e+00 5.80771338e+03 2.37551282e+04
 3.04298081e+00 7.05665891e+03 2.67664437e+04
 3.49747594e+00 8.59023382e+03 3.00960521e+04
 4.01985380e+00 1.04674972e+04 3.37487009e+04
 4.62025325e+00 1.27548718e+04 3.77205625e+04
 5.31032747e+00 1.55218611e+04 4.19904355e+04
 6.10347017e+00 1.88364689e+04 4.65156384e+04
 7.01507549e+00 2.27670602e+04 5.12405156e+04
 8.06283684e+00 2.73743248e+04 5.60894420e+04
 9.26709029e+00 3.26968949e+04 6.09645188e+04
 1.06512093e+01 3.87532376e+04 6.57567768e+04
 1.22420582e+01 4.55398398e+04 7.03434420e+04
 1.40705140e+01 5.30222242e+04 7.46076070e+04
 1.61720652e+01 6.11363138e+04 7.84503601e+04
 1.85875011e+01 6.97877411e+04 8.17749888e+04
 2.13637029e+01 7.88493226e+04 8.45108956e+04
 2.45545541e+01 8.81937839e+04 8.66317000e+04
 2.82219862e+01 9.76956759e+04 8.81384998e+04
 3.24371805e+01 1.07218481e+05 8.90614967e+04
 3.72819501e+01 1.16649461e+05 8.94556432e+04
 4.28503273e+01 1.25914672e+05 8.93905171e+04
 4.92503891e+01 1.34945301e+05 8.89542147e+04
 5.66063547e+01 1.43717634e+05 8.82347898e+04
 6.50609965e+01 1.52231126e+05 8.73048417e+04
 7.47784112e+01 1.60478170e+05 8.62311766e+04
 8.59472047e+01 1.68480725e+05 8.50716743e+04
 9.87841527e+01 1.76266056e+05 8.38651557e+04
 1.13538408e+02 1.83839500e+05 8.26344536e+04
 1.30496338e+02 1.91231961e+05 8.13945207e+04
 1.49987079e+02 1.98461230e+05 8.01533979e+04
 1.72388928e+02 2.05530214e+05 7.89135537e+04
 1.98136685e+02 2.12455266e+05 7.76736070e+04
 2.27730088e+02 2.19247136e+05 7.64348004e+04
 2.61743519e+02 2.25904877e+05 7.51998413e+04
 3.00837146e+02 2.32434948e+05 7.39705765e+04
 3.45769740e+02 2.38836349e+05 7.27514415e+04
 3.97413399e+02 2.45103021e+05 7.15446257e+04
 4.56770479e+02 2.51231359e+05 7.03502442e+04
 5.24993046e+02 2.57221013e+05 6.91721237e+04
 6.03405234e+02 2.63072205e+05 6.80133604e+04
 6.93528952e+02 2.68783558e+05 6.68791059e+04
 7.97113416e+02 2.74356119e+05 6.57797357e+04
 9.16169102e+02 2.79793135e+05 6.47262254e+04
 1.05300677e+03 2.85102864e+05 6.37342691e+04
 1.21028231e+03 2.90294134e+05 6.28224541e+04
 1.39104830e+03 2.95376305e+05 6.20008067e+04
 1.59881322e+03 3.00354547e+05 6.12844131e+04
 1.83760961e+03 3.05245315e+05 6.06832252e+04
 2.11207228e+03 3.10051620e+05 6.02090914e+04
 2.42752829e+03 3.14787488e+05 5.98738852e+04
 2.79010034e+03 3.19460927e+05 5.96878539e+04
 3.20682562e+03 3.24076110e+05 5.96613221e+04
 3.68579238e+03 3.28647353e+05 5.98095195e+04
 4.23629690e+03 3.33187413e+05 6.01376613e+04
 4.86902397e+03 3.37705010e+05 6.06503278e+04
 5.59625423e+03 3.42215713e+05 6.13427665e+04
 6.43210252e+03 3.46724406e+05 6.22046202e+04
 7.39279189e+03 3.51239921e+05 6.32212963e+04
 8.49696840e+03 3.55767008e+05 6.43776919e+04
 9.76606310e+03 3.60323699e+05 6.56629392e+04
 1.12247079e+04 3.64933102e+05 6.70735363e+04
 1.29012138e+04 3.69671890e+05 6.86246749e+04
 1.48281201e+04 3.74645993e+05 7.03447383e+04
 1.70428263e+04 3.79926332e+05 7.22541839e+04
 1.95883177e+04 3.85995334e+05 7.44488214e+04
 2.25140000e+04 3.92970795e+05 7.69712468e+04
