 2.33000000e-02 9.88054926e+00 4.26162388e+02
 2.67800537e-02 1.49234994e+01 4.88132146e+02
 3.07798831e-02 2.07196572e+01 5.59357615e+02
 3.53771212e-02 2.73815205e+01 6.41221216e+02
 4.06609959e-02 3.53910054e+01 7.35139744e+02
 4.67340624e-02 4.52700478e+01 8.42734098e+02
 5.37141932e-02 5.75687439e+01 9.65849631e+02
 6.17368660e-02 7.29808251e+01 1.10650509e+03
 7.09577935e-02 9.23003182e+01 1.26692793e+03
 8.15559451e-02 1.16426241e+02 1.44957386e+03
 9.37370210e-02 1.46455927e+02 1.65713481e+03
 1.07737444e-01 1.83633595e+02 1.89256974e+03
 1.23828951e-01 2.29374383e+02 2.15905763e+03
 1.42323860e-01 2.85292762e+02 2.45994680e+03
 1.63581143e-01 3.53176829e+02 2.79892309e+03
 1.88013382e-01 4.34953197e+02 3.17999725e+03
 2.16094783e-01 5.32595567e+02 3.60750083e+03
 2.48370382e-01 6.48194461e+02 4.08605927e+03
 2.85466617e-01 7.83934743e+02 4.62088850e+03
 3.28103491e-01 9.42051820e+02 5.21792582e+03
 3.77108545e-01 1.12492796e+03 5.88417236e+03
 4.33432923e-01 1.33518520e+03 6.62771230e+03
 4.98169826e-01 1.57582113e+03 7.45795016e+03
 5.72575738e-01 1.85045129e+03 8.38581616e+03
 6.58094808e-01 2.16347812e+03 9.42410752e+03
 7.56386880e-01 2.52044218e+03 1.05872026e+04
 8.69359711e-01 2.92845787e+03 1.18912401e+04
 9.99205998e-01 3.39661711e+03 1.33541480e+04
 1.14844593e+00 3.93640538e+03 1.49955041e+04
 1.31997613e+00 4.56237363e+03 1.68363329e+04
 1.51712582e+00 5.29337202e+03 1.88986976e+04
 1.74372150e+00 6.15281745e+03 2.12062105e+04
 2.00416118e+00 7.16991615e+03 2.37825201e+04
 2.30349974e+00 8.37990045e+03 2.66482778e+04
 2.64754707e+00 9.82507183e+03 2.98219495e+04
 3.04298081e+00 1.15549952e+04 3.33154418e+04
 3.49747594e+00 1.36266899e+04 3.71339621e+04
 4.01985380e+00 1.61035404e+04 4.12738329e+04
 4.62025325e+00 1.90572787e+04 4.57222165e+04
 5.31032747e+00 2.25598722e+04 5.04485366e+04
 6.10347017e+00 2.66854132e+04 5.54114734e+04
 7.01507549e+00 3.15038386e+04 6.05511335e+04
 8.06283684e+00 3.70738130e+04 6.57917587e+04
 9.26709029e+00 4.34407476e+04 7.10398720e+04
 1.06512093e+01 5.06201270e+04 7.61825832e+04
 1.22420582e+01 5.85984370e+04 8.10863120e+04
 1.40705140e+01 6.73334336e+04 8.56273155e+04
 1.61720652e+01 7.67375439e+04 8.96867637e+04
 1.85875011e+01 8.66952696e+04 9.31614323e+04
 2.13637029e+01 9.70738284e+04 9.59813169e+04
 2.45545541e+01 1.07711512e+05 9.81102877e+04
 2.82219862e+01 1.18472610e+05 9.95649405e+04
 3.24371805e+01 1.29206672e+05 1.00395038e+05
 3.72819501e+01 1.39789144e+05 1.00671281e+05
 4.28503273e+01 1.50149623e+05 1.00479741e+05
 4.92503891e+01 1.60233878e+05 9.99167083e+04
 5.66063547e+01 1.70002736e+05 9.90693773e+04
 6.50609965e+01 1.79465451e+05 9.80171591e+04
 7.47784112e+01 1.88609824e+05 9.68141404e+04
 8.59472047e+01 1.97472369e+05 9.55129798e+04
 9.87841527e+01 2.06088553e+05 9.41521962e+04
 1.13538408e+02 2.14470350e+05 9.27626964e+04
 1.30496338e+02 2.22642987e+05 9.13630698e+04
 1.49987079e+02 2.30645072e+05 8.99632497e+04
 1.72388928e+02 2.38491149e+05 8.85666571e+04
 1.98136685e+02 2.46210738e+05 8.71693235e+04
 2.27730088e+02 2.53809248e+05 8.57699843e+04
 2.61743519e+02 2.61289213e+05 8.43635352e+04
 3.00837146e+02 2.68661545e+05 8.29450580e+04
 3.45769740e+02 2.75919703e+05 8.15200542e+04
 3.97413399e+02 2.83045737e+05 8.00983636e+04
 4.56770479e+02 2.90038335e+05 7.86915498e+04
 5.24993046e+02 2.96885093e+05 7.73167411e+04
 6.03405234e+02 3.03584032e+05 7.59860173e+04
 6.93528952e+02 3.10127190e+05 7.47091761e+04
 7.97113416e+02 3.16504818e+05 7.34915807e+04
 9.16169102e+02 3.22716819e+05 7.23406242e+04
 1.05300677e+03 3.28769132e+05 7.12580739e+04
 1.21028231e+03 3.34662136e+05 7.02459909e+04
 1.39104830e+03 3.40399681e+05 6.93087672e+04
 1.59881322e+03 3.45994809e+05 6.84578961e+04
 1.83760961e+03 3.51465075e+05 6.77063321e+04
 2.11207228e+03 3.56812879e+05 6.70749108e+04
 2.42752829e+03 3.62062409e+05 6.65765310e+04
 2.79010034e+03 3.67227349e+05 6.62316906e+04
 3.20682562e+03 3.72315537e+05 6.60644527e+04
 3.68579238e+03 3.77354329e+05 6.60906192e+04
 4.23629690e+03 3.82353758e+05 6.63161896e+04
 4.86902397e+03 3.87322871e+05 6.67442587e+04
 5.59625423e+03 3.92279804e+05 6.73662527e+04
 6.43210252e+03 3.97229156e+05 6.81701665e+04
 7.39279189e+03 4.02179203e+05 6.91374671e+04
 8.49696840e+03 4.07132914e+05 7.02468326e+04
 9.76606310e+03 4.12109114e+05 7.14825046e+04
 1.12247079e+04 4.17134524e+05 7.28361617e+04
 1.29012138e+04 4.22295023e+05 7.43168152e+04
 1.48281201e+04 4.27708146e+05 7.59452523e+04
 1.70428263e+04 4.33451942e+05 7.77436008e+04
 1.95883177e+04 4.40053623e+05 7.98105481e+04
 2.25140000e+04 4.47641321e+05 8.21862115e+04
