 2.51000000e-02 2.71733196e+01 7.43048680e+02
 2.82621785e-02 3.92083786e+01 8.37711514e+02
 3.18227384e-02 5.27596530e+01 9.44300274e+02
 3.58318691e-02 6.80181604e+01 1.06431743e+03
 4.03460829e-02 8.60274951e+01 1.19925402e+03
 4.54290118e-02 1.07737614e+02 1.35058065e+03
 5.11523044e-02 1.34108265e+02 1.51987268e+03
 5.75966358e-02 1.66402212e+02 1.70876417e+03
 6.48528448e-02 2.06017101e+02 1.91924885e+03
 7.30232142e-02 2.54440355e+02 2.15305321e+03
 8.22229129e-02 3.13269862e+02 2.41182194e+03
 9.25816192e-02 3.84548486e+02 2.69713847e+03
 1.04245349e-01 4.70546376e+02 3.01107451e+03
 1.17378512e-01 5.73795225e+02 3.35541415e+03
 1.32166233e-01 6.96839843e+02 3.73185089e+03
 1.48816959e-01 8.42424470e+02 4.14118852e+03
 1.67565397e-01 1.01343551e+03 4.58491574e+03
 1.88675824e-01 1.21290643e+03 5.06422829e+03
 2.12445809e-01 1.44341176e+03 5.58022649e+03
 2.39210414e-01 1.70709680e+03 6.13318452e+03
 2.69346909e-01 2.00585336e+03 6.72438955e+03
 3.03280096e-01 2.34100553e+03 7.35509077e+03
 3.41488296e-01 2.71335454e+03 8.02792353e+03
 3.84510087e-01 3.12290605e+03 8.74545263e+03
 4.32951901e-01 3.56904418e+03 9.51171268e+03
 4.87496570e-01 4.05069484e+03 1.03312372e+04
 5.48912951e-01 4.56741724e+03 1.12102846e+04
 6.18066766e-01 5.11935398e+03 1.21557403e+04
 6.95932799e-01 5.70802134e+03 1.31762545e+04
 7.83608646e-01 6.33576446e+03 1.42808539e+04
 8.82330176e-01 7.00706143e+03 1.54793902e+04
 9.93488962e-01 7.72853094e+03 1.67820333e+04
 1.11865189e+00 8.50975084e+03 1.82004957e+04
 1.25958324e+00 9.36161932e+03 1.97470590e+04
 1.41826958e+00 1.02968932e+04 2.14352196e+04
 1.59694773e+00 1.13302224e+04 2.32782356e+04
 1.79813633e+00 1.24789034e+04 2.52886911e+04
 2.02467131e+00 1.37619244e+04 2.74796665e+04
 2.27974590e+00 1.52007089e+04 2.98666077e+04
 2.56695560e+00 1.68187880e+04 3.24635456e+04
 2.89034890e+00 1.86423460e+04 3.52767327e+04
 3.25448432e+00 2.07008207e+04 3.83067807e+04
 3.66449469e+00 2.30295455e+04 4.15538184e+04
 4.12615949e+00 2.56671915e+04 4.50135569e+04
 4.64598630e+00 2.86521631e+04 4.86677339e+04
 5.23130255e+00 3.20254147e+04 5.24816285e+04
 5.89035883e+00 3.58347154e+04 5.64135373e+04
 6.63244513e+00 4.01282260e+04 6.04250064e+04
 7.46802184e+00 4.49424628e+04 6.44624834e+04
 8.40886719e+00 5.03001773e+04 6.84527297e+04
 9.46824325e+00 5.62139962e+04 7.23161239e+04
 1.06610829e+01 6.26883493e+04 7.59822506e+04
 1.20042003e+01 6.96988724e+04 7.93814096e+04
 1.35165280e+01 7.71857546e+04 8.24403518e+04
 1.52193835e+01 8.50689103e+04 8.50878464e+04
 1.71367703e+01 9.32679946e+04 8.72783291e+04
 1.92957156e+01 1.01686163e+05 8.89879325e+04
 2.17266517e+01 1.10215830e+05 9.02115205e+04
 2.44638450e+01 1.18750582e+05 9.09592269e+04
 2.75458787e+01 1.27207713e+05 9.12642454e+04
 3.10161968e+01 1.35522611e+05 9.11765212e+04
 3.49237168e+01 1.43641683e+05 9.07531460e+04
 3.93235187e+01 1.51523800e+05 9.00548274e+04
 4.42776217e+01 1.59149107e+05 8.91474161e+04
 4.98558585e+01 1.66522148e+05 8.80898604e+04
 5.61368594e+01 1.73645714e+05 8.69292234e+04
 6.32091611e+01 1.80532977e+05 8.57067639e+04
 7.11724539e+01 1.87193428e+05 8.44568375e+04
 8.01389880e+01 1.93657756e+05 8.32040241e+04
 9.02351547e+01 1.99942551e+05 8.19591146e+04
 1.01603269e+02 2.06077990e+05 8.07249907e+04
 1.14403575e+02 2.12060929e+05 7.95056776e+04
 1.28816504e+02 2.17912314e+05 7.83007730e+04
 1.45045220e+02 2.23634351e+05 7.71041726e+04
 1.63318482e+02 2.29253257e+05 7.59132010e+04
 1.83893869e+02 2.34756633e+05 7.47308593e+04
 2.07061408e+02 2.40153229e+05 7.35613595e+04
 2.33147669e+02 2.45431223e+05 7.24081872e+04
 2.62520360e+02 2.50614040e+05 7.12701210e+04
 2.95593517e+02 2.55685161e+05 7.01528403e+04
 3.32833336e+02 2.60649548e+05 6.90623750e+04
 3.74764747e+02 2.65500368e+05 6.79995367e+04
 4.21978812e+02 2.70253069e+05 6.69605321e+04
 4.75141057e+02 2.74891377e+05 6.59457756e+04
 5.35000851e+02 2.79430991e+05 6.49541563e+04
 6.02401975e+02 2.83875447e+05 6.39847266e+04
 6.78294508e+02 2.88247160e+05 6.30338106e+04
 7.63748225e+02 2.92538402e+05 6.21017126e+04
 8.59967677e+02 2.96759928e+05 6.11892085e+04
 9.68309163e+02 3.00938063e+05 6.02938227e+04
 1.09029986e+03 3.05105274e+05 5.94126415e+04
 1.22765933e+03 3.09259219e+05 5.85491124e+04
 1.38232379e+03 3.13413086e+05 5.77039670e+04
 1.55647338e+03 3.17601139e+05 5.68718381e+04
 1.75256288e+03 3.21873014e+05 5.60437996e+04
 1.97335638e+03 3.26299719e+05 5.52055041e+04
 2.22196614e+03 3.30947274e+05 5.43436654e+04
 2.50189657e+03 3.35885999e+05 5.34442535e+04
 2.81709352e+03 3.41446920e+05 5.24315309e+04
 3.17200000e+03 3.47708424e+05 5.12912222e+04
