 3.72000000e-02 4.32083992e+02 4.15257395e+03
 4.17204421e-02 5.81854469e+02 4.62951994e+03
 4.67901959e-02 7.49824645e+02 5.16442309e+03
 5.24760124e-02 9.38206096e+02 5.76432620e+03
 5.88527537e-02 1.15665736e+03 6.42951168e+03
 6.60043791e-02 1.41415041e+03 7.16211425e+03
 7.40250504e-02 1.71934612e+03 7.96353056e+03
 8.30203718e-02 2.08176774e+03 8.83292697e+03
 9.31087800e-02 2.51155443e+03 9.76797385e+03
 1.04423104e-01 3.01844523e+03 1.07666390e+04
 1.17112313e-01 3.61273185e+03 1.18255282e+04
 1.31343481e-01 4.30367753e+03 1.29394658e+04
 1.47303981e-01 5.10038872e+03 1.41007727e+04
 1.65203957e-01 6.01194794e+03 1.53015724e+04
 1.85279090e-01 7.04760244e+03 1.65343828e+04
 2.07793697e-01 8.21232947e+03 1.77899386e+04
 2.33044218e-01 9.50900295e+03 1.90558964e+04
 2.61363113e-01 1.09377275e+04 2.03202451e+04
 2.93123242e-01 1.24972389e+04 2.15728079e+04
 3.28742776e-01 1.41816261e+04 2.28057347e+04
 3.68690698e-01 1.59804605e+04 2.40111112e+04
 4.13492981e-01 1.78774076e+04 2.51824876e+04
 4.63739516e-01 1.98582646e+04 2.63191832e+04
 5.20091871e-01 2.19059551e+04 2.74256224e+04
 5.83292011e-01 2.40033749e+04 2.85095011e+04
 6.54172058e-01 2.61337226e+04 2.95816473e+04
 7.33665255e-01 2.82839951e+04 3.06553897e+04
 8.22818247e-01 3.04469474e+04 3.17472565e+04
 9.22804866e-01 3.26248066e+04 3.28754596e+04
 1.03494159e+00 3.48210094e+04 3.40571173e+04
 1.16070485e+00 3.70446386e+04 3.53081655e+04
 1.30175053e+00 3.93092850e+04 3.66423073e+04
 1.45993569e+00 4.16334704e+04 3.80703773e+04
 1.63734307e+00 4.40379977e+04 3.96028030e+04
 1.83630852e+00 4.65433947e+04 4.12484538e+04
 2.05945170e+00 4.91688354e+04 4.30127544e+04
 2.30971062e+00 5.19358557e+04 4.48985508e+04
 2.59038033e+00 5.48672327e+04 4.69079752e+04
 2.90515626e+00 5.79852888e+04 4.90424558e+04
 3.25818289e+00 6.13099751e+04 5.13005878e+04
 3.65410835e+00 6.48616233e+04 5.36742441e+04
 4.09814558e+00 6.86626475e+04 5.61495244e+04
 4.59614101e+00 7.27342229e+04 5.87086265e+04
 5.15465147e+00 7.70954130e+04 6.13271315e+04
 5.78103060e+00 8.17627916e+04 6.39682971e+04
 6.48352560e+00 8.67519938e+04 6.65849944e+04
 7.27138588e+00 9.20772672e+04 6.91248564e+04
 8.15498477e+00 9.77447927e+04 7.15332170e+04
 9.14595618e+00 1.03751591e+05 7.37536739e+04
 1.02573477e+01 1.10081228e+05 7.57249318e+04
 1.15037925e+01 1.16708517e+05 7.73904052e+04
 1.29017019e+01 1.23596319e+05 7.87112223e+04
 1.44694813e+01 1.30688544e+05 7.96630538e+04
 1.62277731e+01 1.37912124e+05 8.02289431e+04
 1.81997276e+01 1.45191811e+05 8.04063191e+04
 2.04113087e+01 1.52446373e+05 8.02099972e+04
 2.28916350e+01 1.59603661e+05 7.96794870e+04
 2.56733638e+01 1.66591027e+05 7.88628053e+04
 2.87931206e+01 1.73348330e+05 7.78082465e+04
 3.22919817e+01 1.79842188e+05 7.65691671e+04
 3.62160149e+01 1.86058651e+05 7.52045523e+04
 4.06168858e+01 1.91988519e+05 7.37666539e+04
 4.55525386e+01 1.97636299e+05 7.22986898e+04
 5.10879583e+01 2.03023526e+05 7.08294905e+04
 5.72960270e+01 2.08182775e+05 6.93828430e+04
 6.42584833e+01 2.13139706e+05 6.79751861e+04
 7.20669981e+01 2.17906284e+05 6.66139302e+04
 8.08243823e+01 2.22505356e+05 6.53017610e+04
 9.06459399e+01 2.26967784e+05 6.40379489e+04
 1.01660986e+02 2.31321997e+05 6.28185550e+04
 1.14014551e+02 2.35562163e+05 6.16423883e+04
 1.27869287e+02 2.39691654e+05 6.05034964e+04
 1.43407612e+02 2.43723812e+05 5.93958952e+04
 1.60834112e+02 2.47683031e+05 5.83123050e+04
 1.80378233e+02 2.51561182e+05 5.72501120e+04
 2.02297302e+02 2.55348214e+05 5.62114243e+04
 2.26879916e+02 2.59035138e+05 5.51960926e+04
 2.54449742e+02 2.62642489e+05 5.41989930e+04
 2.85369777e+02 2.66161902e+05 5.32249004e+04
 3.20047131e+02 2.69589017e+05 5.22812300e+04
 3.58938382e+02 2.72911087e+05 5.13720749e+04
 4.02555591e+02 2.76145172e+05 5.04943575e+04
 4.51473043e+02 2.79289926e+05 4.96478101e+04
 5.06334811e+02 2.82351651e+05 4.88352728e+04
 5.67863230e+02 2.85327628e+05 4.80586590e+04
 6.36868414e+02 2.88241505e+05 4.73117629e+04
 7.14258920e+02 2.91094654e+05 4.65897383e+04
 8.01053707e+02 2.93890048e+05 4.58932327e+04
 8.98395559e+02 2.96626187e+05 4.52237334e+04
 1.00756613e+03 2.99335788e+05 4.45733884e+04
 1.13000280e+03 3.02025411e+05 4.39396094e+04
 1.26731765e+03 3.04699510e+05 4.33217594e+04
 1.42131862e+03 3.07358338e+05 4.27208647e+04
 1.59403336e+03 3.10033732e+05 4.21294726e+04
 1.78773593e+03 3.12751357e+05 4.15416179e+04
 2.00497670e+03 3.15557827e+05 4.09460161e+04
 2.24861598e+03 3.18487978e+05 4.03348529e+04
 2.52186163e+03 3.21591238e+05 3.96968020e+04
 2.82831135e+03 3.25071597e+05 3.89812169e+04
 3.17200000e+03 3.28974880e+05 3.81786758e+04
