 1.42600000e-01 1.54787675e+03 4.39423556e+04
 1.55858904e-01 1.77083426e+03 4.74009157e+04
 1.70350617e-01 2.01452229e+03 5.11810518e+04
 1.86189765e-01 2.28086835e+03 5.53126636e+04
 2.03501632e-01 2.57293238e+03 5.99088749e+04
 2.22423151e-01 2.89085793e+03 6.50449236e+04
 2.43103987e-01 3.23371490e+03 7.07850598e+04
 2.65707721e-01 3.60457326e+03 7.72027381e+04
 2.90413143e-01 4.01460068e+03 8.43355899e+04
 3.17415668e-01 4.46961727e+03 9.21870332e+04
 3.46928879e-01 4.97487946e+03 1.00750034e+05
 3.79186219e-01 5.52201031e+03 1.09984106e+05
 4.14442837e-01 6.11907079e+03 1.19918153e+05
 4.52977605e-01 6.78476305e+03 1.30583513e+05
 4.95095323e-01 7.52615088e+03 1.42009775e+05
 5.41129133e-01 8.34299112e+03 1.54246812e+05
 5.91443154e-01 9.24270123e+03 1.67300462e+05
 6.46435356e-01 1.02438447e+04 1.81393620e+05
 7.06540716e-01 1.14070358e+04 1.96856054e+05
 7.72234655e-01 1.27486728e+04 2.13917846e+05
 8.44036795e-01 1.42779026e+04 2.32813874e+05
 9.22515077e-01 1.60525508e+04 2.53687700e+05
 1.00829024e+00 1.80905433e+04 2.76766848e+05
 1.10204076e+00 2.04014685e+04 3.02426900e+05
 1.20450817e+00 2.29852664e+04 3.30655856e+05
 1.31650297e+00 2.58124230e+04 3.61368217e+05
 1.43891101e+00 2.90932784e+04 3.94252156e+05
 1.57270051e+00 3.28994639e+04 4.29355570e+05
 1.71892972e+00 3.71807323e+04 4.67146364e+05
 1.87875528e+00 4.20041513e+04 5.08062730e+05
 2.05344137e+00 4.74488053e+04 5.52527431e+05
 2.24436971e+00 5.36804247e+04 6.00713324e+05
 2.45305052e+00 6.10578587e+04 6.52811915e+05
 2.68113440e+00 6.92797198e+04 7.10316746e+05
 2.93042545e+00 7.84666286e+04 7.73910687e+05
 3.20289551e+00 8.89000498e+04 8.43878028e+05
 3.50069975e+00 1.00813470e+05 9.19052274e+05
 3.82619373e+00 1.14760607e+05 9.97666571e+05
 4.18195205e+00 1.30958079e+05 1.08049677e+06
 4.57078866e+00 1.49189298e+05 1.16837995e+06
 4.99577918e+00 1.70011935e+05 1.26028588e+06
 5.46028520e+00 1.93737971e+05 1.35517183e+06
 5.96798083e+00 2.20830235e+05 1.44996065e+06
 6.52288185e+00 2.52092068e+05 1.54725301e+06
 7.12937740e+00 2.87679761e+05 1.65096569e+06
 7.79226471e+00 3.28462211e+05 1.76090331e+06
 8.51678709e+00 3.75735399e+05 1.87687123e+06
 9.30867533e+00 4.28838688e+05 1.99275115e+06
 1.01741931e+01 4.87224643e+05 2.10700870e+06
 1.11201864e+01 5.51196777e+05 2.22436023e+06
 1.21541379e+01 6.20368019e+05 2.34167818e+06
 1.32842260e+01 6.94794149e+05 2.45484048e+06
 1.45193892e+01 7.72519993e+05 2.55883885e+06
 1.58693975e+01 8.50993952e+05 2.64763605e+06
 1.73449292e+01 9.33842417e+05 2.73433261e+06
 1.89576554e+01 1.02439356e+06 2.82128615e+06
 2.07203324e+01 1.12287211e+06 2.90464300e+06
 2.26469025e+01 1.22924160e+06 2.98256826e+06
 2.47526045e+01 1.34077574e+06 3.05148814e+06
 2.70540941e+01 1.46087216e+06 3.11764420e+06
 2.95695754e+01 1.59400594e+06 3.18890771e+06
 3.23189454e+01 1.73733493e+06 3.25779761e+06
 3.53239510e+01 1.88818276e+06 3.32027445e+06
 3.86083611e+01 2.03977249e+06 3.37334292e+06
 4.21981546e+01 2.19145253e+06 3.41791108e+06
 4.61217261e+01 2.34947497e+06 3.45869861e+06
 5.04101100e+01 2.51181656e+06 3.48892798e+06
 5.50972265e+01 2.67583176e+06 3.50246539e+06
 6.02201496e+01 2.83141794e+06 3.49527204e+06
 6.58194006e+01 2.97545301e+06 3.47154123e+06
 7.19392682e+01 3.12150209e+06 3.43693043e+06
 7.86281592e+01 3.26922811e+06 3.39395610e+06
 8.59389812e+01 3.41357140e+06 3.34035148e+06
 9.39295613e+01 3.55100865e+06 3.28177449e+06
 1.02663103e+02 3.67575272e+06 3.21950454e+06
 1.12208687e+02 3.80865954e+06 3.15494532e+06
 1.22641816e+02 3.94981809e+06 3.08736332e+06
 1.34045014e+02 4.08754463e+06 3.01515262e+06
 1.46508478e+02 4.21852009e+06 2.93688485e+06
 1.60130791e+02 4.33886784e+06 2.86017505e+06
 1.75019703e+02 4.44983680e+06 2.78314379e+06
 1.91292981e+02 4.55742642e+06 2.70714213e+06
 2.09079344e+02 4.65018301e+06 2.63354737e+06
 2.28519477e+02 4.73151914e+06 2.55971768e+06
 2.49767147e+02 4.80461885e+06 2.48554494e+06
 2.72990420e+02 4.87316875e+06 2.41380558e+06
 2.98372985e+02 4.94127708e+06 2.33873953e+06
 3.26115613e+02 5.00977135e+06 2.26168238e+06
 3.56437743e+02 5.07660683e+06 2.18420682e+06
 3.89579214e+02 5.13940484e+06 2.10829196e+06
 4.25802170e+02 5.19626281e+06 2.03866930e+06
 4.65393124e+02 5.24773720e+06 1.97601021e+06
 5.08665234e+02 5.29468284e+06 1.91759009e+06
 5.55960770e+02 5.33833484e+06 1.86270905e+06
 6.07653832e+02 5.38021438e+06 1.81044126e+06
 6.64153298e+02 5.42214308e+06 1.75962536e+06
 7.25906067e+02 5.46625953e+06 1.70875015e+06
 7.93400590e+02 5.51447791e+06 1.65437887e+06
 8.67170732e+02 5.56717962e+06 1.59495217e+06
 9.47800000e+02 5.62478153e+06 1.53000000e+06
