 1.00500000e-01 1.95719276e+03 5.94260665e+04
 1.10144025e-01 2.30372088e+03 6.47430192e+04
 1.20713494e-01 2.68350199e+03 7.05701889e+04
 1.32297214e-01 3.09972706e+03 7.69565365e+04
 1.44992514e-01 3.54177519e+03 8.38275670e+04
 1.58906060e-01 4.01142456e+03 9.12586151e+04
 1.74154756e-01 4.52705975e+03 9.93410452e+04
 1.90866723e-01 5.10063196e+03 1.08145948e+05
 2.09182379e-01 5.73597857e+03 1.17727541e+05
 2.29255613e-01 6.42974176e+03 1.28131443e+05
 2.51255083e-01 7.18972443e+03 1.39487839e+05
 2.75365632e-01 8.07366190e+03 1.52108450e+05
 3.01789840e-01 9.10019150e+03 1.66056815e+05
 3.30749727e-01 1.02642160e+04 1.81358810e+05
 3.62488618e-01 1.15604559e+04 1.98012302e+05
 3.97273186e-01 1.30010221e+04 2.16090587e+05
 4.35395697e-01 1.46384664e+04 2.35781881e+05
 4.77176461e-01 1.64924873e+04 2.57208364e+05
 5.22966526e-01 1.85410969e+04 2.80392150e+05
 5.73150626e-01 2.09021602e+04 3.05857699e+05
 6.28150414e-01 2.36453638e+04 3.33845039e+05
 6.88428007e-01 2.68509929e+04 3.64731058e+05
 7.54489864e-01 3.05841562e+04 3.98717014e+05
 8.26891045e-01 3.48824865e+04 4.35928983e+05
 9.06239877e-01 3.99909004e+04 4.77117871e+05
 9.93203057e-01 4.61108806e+04 5.22795942e+05
 1.08851126e+00 5.31546657e+04 5.72610412e+05
 1.19296529e+00 6.12141888e+04 6.27179313e+05
 1.30744276e+00 7.04435163e+04 6.87315407e+05
 1.43290555e+00 8.14402049e+04 7.54196614e+05
 1.57040780e+00 9.45934159e+04 8.28870936e+05
 1.72110483e+00 1.09871874e+05 9.10865948e+05
 1.88626282e+00 1.27459289e+05 1.00053975e+06
 2.06726943e+00 1.47836280e+05 1.09893638e+06
 2.26564553e+00 1.71931265e+05 1.20621468e+06
 2.48305788e+00 2.00578784e+05 1.32279856e+06
 2.72133321e+00 2.33567464e+05 1.44886362e+06
 2.98247355e+00 2.71480329e+05 1.58540153e+06
 3.26867304e+00 3.15291947e+05 1.73439492e+06
 3.58233635e+00 3.67098201e+05 1.89650922e+06
 3.92609894e+00 4.29006847e+05 2.07334849e+06
 4.30284913e+00 5.01879573e+05 2.26738249e+06
 4.71575244e+00 5.87198169e+05 2.47989878e+06
 5.16827814e+00 6.87588437e+05 2.71129714e+06
 5.66422840e+00 8.07295548e+05 2.95923843e+06
 6.20777027e+00 9.49300461e+05 3.22224309e+06
 6.80347066e+00 1.11330425e+06 3.50083699e+06
 7.45633472e+00 1.29947146e+06 3.79294481e+06
 8.17184791e+00 1.50908012e+06 4.09674838e+06
 8.95602206e+00 1.74795646e+06 4.41091244e+06
 9.81544590e+00 2.01844582e+06 4.73475169e+06
 1.07573404e+01 2.31702603e+06 5.07261083e+06
 1.17896196e+01 2.64450587e+06 5.42685511e+06
 1.29209567e+01 3.00492698e+06 5.79853539e+06
 1.41608575e+01 3.40297861e+06 6.18006279e+06
 1.55197396e+01 3.84205320e+06 6.56158441e+06
 1.70090207e+01 4.31181271e+06 6.93521054e+06
 1.86412139e+01 4.81112531e+06 7.29569198e+06
 2.04300331e+01 5.34435856e+06 7.63316248e+06
 2.23905081e+01 5.90952814e+06 7.93539810e+06
 2.45391112e+01 6.50322360e+06 8.18728168e+06
 2.68938952e+01 7.11954144e+06 8.39975828e+06
 2.94746453e+01 7.75589821e+06 8.58086062e+06
 3.23030453e+01 8.41809747e+06 8.73141193e+06
 3.54028599e+01 9.09735207e+06 8.85149764e+06
 3.88001340e+01 9.78354256e+06 8.93990189e+06
 4.25234121e+01 1.04754568e+07 9.00242056e+06
 4.66039775e+01 1.11719031e+07 9.04915562e+06
 5.10761159e+01 1.18691912e+07 9.07358381e+06
 5.59774026e+01 1.25539233e+07 9.07753209e+06
 6.13490190e+01 1.32145975e+07 9.06712612e+06
 6.72360981e+01 1.38590420e+07 9.04138266e+06
 7.36881039e+01 1.44907733e+07 9.00835516e+06
 8.07592470e+01 1.51039029e+07 8.97285559e+06
 8.85089402e+01 1.56887449e+07 8.93556593e+06
 9.70022973e+01 1.62412287e+07 8.89575081e+06
 1.06310681e+02 1.67733289e+07 8.84271341e+06
 1.16512301e+02 1.72948874e+07 8.77002657e+06
 1.27692873e+02 1.78025396e+07 8.67741227e+06
 1.39946338e+02 1.82970909e+07 8.55914654e+06
 1.53375650e+02 1.87798322e+07 8.40893782e+06
 1.68093646e+02 1.92595567e+07 8.22802324e+06
 1.84223987e+02 1.97458280e+07 8.01998130e+06
 2.01902202e+02 2.02388264e+07 7.79612538e+06
 2.21276827e+02 2.07365310e+07 7.56751764e+06
 2.42510649e+02 2.12327715e+07 7.34319086e+06
 2.65782079e+02 2.17199986e+07 7.12767933e+06
 2.91286645e+02 2.21943357e+07 6.92596750e+06
 3.19238640e+02 2.26490106e+07 6.73800660e+06
 3.49872922e+02 2.30730797e+07 6.56279943e+06
 3.83446883e+02 2.34541250e+07 6.39897630e+06
 4.20242616e+02 2.37875028e+07 6.23963660e+06
 4.60569284e+02 2.40809434e+07 6.07930575e+06
 5.04765716e+02 2.43444857e+07 5.91552313e+06
 5.53203258e+02 2.45879782e+07 5.74532735e+06
 6.06288888e+02 2.48209993e+07 5.56522779e+06
 6.64468639e+02 2.50550434e+07 5.37117187e+06
 7.28231344e+02 2.53036310e+07 5.15850800e+06
 7.98112747e+02 2.55760731e+07 4.92543681e+06
 8.74700000e+02 2.58746589e+07 4.67000000e+06
