 2.52600000e-02 3.94701595e+03 7.12654348e+04
 2.79390450e-02 4.71379561e+03 7.92546667e+04
 3.09022262e-02 5.56189898e+03 8.80912269e+04
 3.41796788e-02 6.49995117e+03 9.78649820e+04
 3.78047341e-02 7.53756511e+03 1.08520842e+05
 4.18142584e-02 8.68357370e+03 1.20087775e+05
 4.62490279e-02 9.94317275e+03 1.32599137e+05
 5.11541437e-02 1.13305596e+04 1.46089837e+05
 5.65794902e-02 1.28578985e+04 1.60589547e+05
 6.25802423e-02 1.45234375e+04 1.76288627e+05
 6.92174269e-02 1.63570862e+04 1.93547689e+05
 7.65585433e-02 1.83548700e+04 2.12542259e+05
 8.46782495e-02 2.05862170e+04 2.33516013e+05
 9.36591220e-02 2.31173484e+04 2.56817219e+05
 1.03592495e-01 2.59611702e+04 2.82848404e+05
 1.14579389e-01 2.91651231e+04 3.12073709e+05
 1.26731540e-01 3.28543446e+04 3.44534870e+05
 1.40172534e-01 3.72906971e+04 3.80141607e+05
 1.55039063e-01 4.26623600e+04 4.19231875e+05
 1.71482318e-01 4.89585498e+04 4.62217010e+05
 1.89669525e-01 5.62365693e+04 5.09328542e+05
 2.09785644e-01 6.49113446e+04 5.60621280e+05
 2.32035255e-01 7.53075189e+04 6.16165723e+05
 2.56644633e-01 8.75858041e+04 6.76995973e+05
 2.83864052e-01 1.01508102e+05 7.44315883e+05
 3.13970329e-01 1.17479506e+05 8.18316287e+05
 3.47269641e-01 1.36566009e+05 8.98764483e+05
 3.84100638e-01 1.59438532e+05 9.86341087e+05
 4.24837886e-01 1.86115896e+05 1.08232118e+06
 4.69895677e-01 2.16911072e+05 1.18804381e+06
 5.19732243e-01 2.54243962e+05 1.30414237e+06
 5.74854414e-01 3.00543766e+05 1.43123439e+06
 6.35822776e-01 3.56817047e+05 1.57152188e+06
 7.03257369e-01 4.22977793e+05 1.72851610e+06
 7.77843993e-01 5.00673600e+05 1.90285723e+06
 8.60341183e-01 5.94000999e+05 2.09255865e+06
 9.51587926e-01 7.05941973e+05 2.29709645e+06
 1.05251219e+00 8.34535166e+05 2.51636237e+06
 1.16414035e+00 9.79389926e+05 2.75035281e+06
 1.28760767e+00 1.14374589e+06 2.99406485e+06
 1.42416978e+00 1.33222192e+06 3.24127057e+06
 1.57521549e+00 1.54725523e+06 3.49231345e+06
 1.74228094e+00 1.78659715e+06 3.75385449e+06
 1.92706514e+00 2.05181216e+06 4.02497433e+06
 2.13144734e+00 2.34896371e+06 4.29419362e+06
 2.35750606e+00 2.68230316e+06 4.55533175e+06
 2.60754029e+00 3.05172571e+06 4.81319253e+06
 2.88409285e+00 3.45663792e+06 5.07190908e+06
 3.18997624e+00 3.89398640e+06 5.31883781e+06
 3.52830125e+00 4.35890603e+06 5.53484550e+06
 3.90250861e+00 4.84701922e+06 5.71488593e+06
 4.31640394e+00 5.35145059e+06 5.88053101e+06
 4.77419650e+00 5.86715736e+06 6.03433604e+06
 5.28054199e+00 6.37657918e+06 6.16690943e+06
 5.84058987e+00 6.86728769e+06 6.26768690e+06
 6.46003575e+00 7.34411136e+06 6.34761641e+06
 7.14517931e+00 7.82548076e+06 6.41862266e+06
 7.90298837e+00 8.31619548e+06 6.48168361e+06
 8.74116973e+00 8.80121055e+06 6.51393547e+06
 9.66824759e+00 9.27311648e+06 6.50721166e+06
 1.06936502e+01 9.76413373e+06 6.46346147e+06
 1.18278058e+01 1.02879292e+07 6.38788508e+06
 1.30822485e+01 1.08260223e+07 6.27923279e+06
 1.44697359e+01 1.13324375e+07 6.13910966e+06
 1.60043786e+01 1.17871281e+07 5.96396495e+06
 1.77017836e+01 1.22279653e+07 5.76521232e+06
 1.95792133e+01 1.26625993e+07 5.55543732e+06
 2.16557609e+01 1.30496366e+07 5.34339997e+06
 2.39525446e+01 1.33721752e+07 5.13726541e+06
 2.64929224e+01 1.36408354e+07 4.93916972e+06
 2.93027297e+01 1.39115052e+07 4.74794190e+06
 3.24105416e+01 1.41929690e+07 4.57305846e+06
 3.58479644e+01 1.44487078e+07 4.41439081e+06
 3.96499560e+01 1.46656945e+07 4.27059940e+06
 4.38551823e+01 1.48840292e+07 4.13541735e+06
 4.85064097e+01 1.51103222e+07 4.00363123e+06
 5.36509407e+01 1.53335729e+07 3.87356384e+06
 5.93410944e+01 1.55157827e+07 3.74683421e+06
 6.56347390e+01 1.56652967e+07 3.62163091e+06
 7.25958798e+01 1.58023816e+07 3.49589522e+06
 8.02953108e+01 1.59435737e+07 3.36876093e+06
 8.88113340e+01 1.60714296e+07 3.24240770e+06
 9.82305564e+01 1.61977991e+07 3.11759834e+06
 1.08648770e+02 1.63486179e+07 2.99490900e+06
 1.20171927e+02 1.65398910e+07 2.87171393e+06
 1.32917216e+02 1.67586537e+07 2.74870257e+06
 1.47014255e+02 1.69865539e+07 2.62723676e+06
 1.62606408e+02 1.72190840e+07 2.50786340e+06
 1.79852247e+02 1.74526900e+07 2.39098037e+06
 1.98927158e+02 1.76807471e+07 2.27708656e+06
 2.20025131e+02 1.78839543e+07 2.16689189e+06
 2.43360729e+02 1.80499436e+07 2.06321955e+06
 2.69171273e+02 1.82077001e+07 1.96701302e+06
 2.97719252e+02 1.83779018e+07 1.87710193e+06
 3.29294995e+02 1.85522358e+07 1.79168072e+06
 3.64219623e+02 1.87311725e+07 1.70859061e+06
 4.02848314e+02 1.89160724e+07 1.62514458e+06
 4.45573918e+02 1.91278348e+07 1.53874807e+06
 4.92830947e+02 1.93620564e+07 1.44318846e+06
 5.45100000e+02 1.96211194e+07 1.33749390e+06
