 3.56000000e+00 5.68590815e+02 4.95559267e+04
 3.76387753e+00 6.33847855e+02 5.22844905e+04
 3.97943092e+00 7.02842099e+02 5.51693163e+04
 4.20732883e+00 7.75787572e+02 5.82193530e+04
 4.44827822e+00 8.52201309e+02 6.14311229e+04
 4.70302653e+00 9.32290772e+02 6.48194956e+04
 4.97236402e+00 1.01687375e+03 6.84004358e+04
 5.25712618e+00 1.10702411e+03 7.21912442e+04
 5.55819638e+00 1.20420265e+03 7.62104003e+04
 5.87650856e+00 1.31035506e+03 8.04829313e+04
 6.21305015e+00 1.42814558e+03 8.50391384e+04
 6.56886514e+00 1.56001417e+03 8.99087206e+04
 6.94505728e+00 1.70155233e+03 9.51046020e+04
 7.34279355e+00 1.84770815e+03 1.00637358e+05
 7.76330778e+00 1.99982937e+03 1.06517222e+05
 8.20790441e+00 2.15911573e+03 1.12754416e+05
 8.67796264e+00 2.32656601e+03 1.19359175e+05
 9.17494063e+00 2.50291990e+03 1.26339808e+05
 9.70038002e+00 2.69103578e+03 1.33704006e+05
 1.02559108e+01 2.90807258e+03 1.41468697e+05
 1.08432562e+01 3.17488697e+03 1.49640157e+05
 1.14642384e+01 3.49850880e+03 1.58224850e+05
 1.21207835e+01 3.88500628e+03 1.67235642e+05
 1.28149283e+01 4.34082042e+03 1.76685642e+05
 1.35488260e+01 4.87278676e+03 1.86588231e+05
 1.43247533e+01 5.48667228e+03 1.96956960e+05
 1.51451172e+01 6.18092178e+03 2.07809631e+05
 1.60124624e+01 6.94388646e+03 2.19201772e+05
 1.69294797e+01 7.75452615e+03 2.31152459e+05
 1.78990135e+01 8.59268558e+03 2.43654050e+05
 1.89240716e+01 9.45704100e+03 2.56773107e+05
 2.00078337e+01 1.03515819e+04 2.70604462e+05
 2.11536617e+01 1.12810245e+04 2.85252575e+05
 2.23651101e+01 1.22508373e+04 3.00829518e+05
 2.36459369e+01 1.32772087e+04 3.17433588e+05
 2.50001154e+01 1.44172577e+04 3.35263096e+05
 2.64318462e+01 1.57280131e+04 3.54401994e+05
 2.79455708e+01 1.72100572e+04 3.74691613e+05
 2.95459849e+01 1.88711186e+04 3.96012433e+05
 3.12380530e+01 2.07445978e+04 4.18378246e+05
 3.30270241e+01 2.28672521e+04 4.41810068e+05
 3.49184478e+01 2.52774905e+04 4.66330422e+05
 3.69181913e+01 2.79942420e+04 4.91913931e+05
 3.90324581e+01 3.10476326e+04 5.18901397e+05
 4.12678068e+01 3.45269738e+04 5.47890804e+05
 4.36311716e+01 3.84635533e+04 5.78822320e+05
 4.61298838e+01 4.28097353e+04 6.11379457e+05
 4.87716947e+01 4.75500076e+04 6.45547140e+05
 5.15647995e+01 5.26947067e+04 6.81322387e+05
 5.45178624e+01 5.82545294e+04 7.18697904e+05
 5.76400442e+01 6.42346796e+04 7.57452488e+05
 6.09410302e+01 7.06249102e+04 7.97372209e+05
 6.44310602e+01 7.75009632e+04 8.39470978e+05
 6.81209606e+01 8.50096792e+04 8.84058542e+05
 7.20221779e+01 9.31899873e+04 9.30859337e+05
 7.61468138e+01 1.02175356e+05 9.80152140e+05
 8.05076634e+01 1.12163868e+05 1.03212625e+06
 8.51182544e+01 1.23374498e+05 1.08708662e+06
 8.99928891e+01 1.36047965e+05 1.14543595e+06
 9.51466892e+01 1.50413256e+05 1.20690564e+06
 1.00595642e+02 1.66736023e+05 1.27321945e+06
 1.06356651e+02 1.85478168e+05 1.34577498e+06
 1.12447587e+02 2.06847724e+05 1.42422778e+06
 1.18887344e+02 2.30942756e+05 1.50829435e+06
 1.25695900e+02 2.57860974e+05 1.59748976e+06
 1.32894375e+02 2.87700022e+05 1.69105379e+06
 1.40505098e+02 3.20557767e+05 1.78823362e+06
 1.48551681e+02 3.56506757e+05 1.88702350e+06
 1.57059082e+02 3.95451670e+05 1.98652846e+06
 1.66053694e+02 4.37016001e+05 2.08958043e+06
 1.75563418e+02 4.79448349e+05 2.19743336e+06
 1.85617754e+02 5.21374096e+05 2.31146780e+06
 1.96247892e+02 5.63659930e+05 2.43319570e+06
 2.07486807e+02 6.07310208e+05 2.56426572e+06
 2.19369362e+02 6.53471719e+05 2.70646880e+06
 2.31932420e+02 7.03517107e+05 2.86119952e+06
 2.45214951e+02 7.59943919e+05 3.02440471e+06
 2.59258158e+02 8.28880427e+05 3.19535771e+06
 2.74105606e+02 9.15267135e+05 3.37200811e+06
 2.89803351e+02 1.01854377e+06 3.55203865e+06
 3.06400091e+02 1.13797202e+06 3.73285553e+06
 3.23947308e+02 1.27263139e+06 3.91157801e+06
 3.42499437e+02 1.42141470e+06 4.08502723e+06
 3.62114027e+02 1.58249010e+06 4.25283575e+06
 3.82851924e+02 1.75175018e+06 4.41383087e+06
 4.04777460e+02 1.92632572e+06 4.56970464e+06
 4.27958648e+02 2.10715958e+06 4.72218148e+06
 4.52467399e+02 2.29524705e+06 4.87363760e+06
 4.78379741e+02 2.49168256e+06 5.02658746e+06
 5.05776056e+02 2.69766552e+06 5.18383338e+06
 5.34741329e+02 2.91450500e+06 5.34847650e+06
 5.65365414e+02 3.14362486e+06 5.52269666e+06
 5.97743309e+02 3.38615266e+06 5.70710822e+06
 6.31975453e+02 3.64282363e+06 5.90263792e+06
 6.68168036e+02 3.91447567e+06 6.10978584e+06
 7.06433331e+02 4.20199992e+06 6.32926688e+06
 7.46890040e+02 4.50634247e+06 6.56184269e+06
 7.89663663e+02 4.82831140e+06 6.80803181e+06
 8.34886888e+02 5.16871915e+06 7.06831993e+06
 8.82700000e+02 5.52862171e+06 7.34351448e+06
