 3.38299000e+00 7.48149583e+01 5.13624164e+03
 3.75056328e+00 1.03422659e+02 5.66482522e+03
 4.15807463e+00 1.35138683e+02 6.25084120e+03
 4.60986347e+00 1.70300760e+02 6.90052980e+03
 5.11074069e+00 2.10590416e+02 7.62469802e+03
 5.66603991e+00 2.57270293e+02 8.43413254e+03
 6.28167426e+00 3.11681957e+02 9.33859689e+03
 6.96419937e+00 3.75340730e+02 1.03488193e+04
 7.72088313e+00 4.49665435e+02 1.14744962e+04
 8.55978313e+00 5.37209238e+02 1.27248832e+04
 9.48983245e+00 6.41260879e+02 1.41097838e+04
 1.05209348e+01 7.65766170e+02 1.56396057e+04
 1.16640698e+01 9.15773275e+02 1.73256387e+04
 1.29314104e+01 1.09682999e+03 1.91873765e+04
 1.43364517e+01 1.31741075e+03 2.12471851e+04
 1.58941556e+01 1.58838484e+03 2.35333916e+04
 1.76211092e+01 1.92095499e+03 2.60805032e+04
 1.95357022e+01 2.32827684e+03 2.89264548e+04
 2.16583221e+01 2.82548531e+03 3.21124112e+04
 2.40115719e+01 3.42775195e+03 3.56841115e+04
 2.66205102e+01 4.15237036e+03 3.96771205e+04
 2.95129185e+01 5.01714536e+03 4.41295827e+04
 3.27195966e+01 6.06380288e+03 4.90522784e+04
 3.62746912e+01 7.32611691e+03 5.44342879e+04
 4.02160588e+01 8.82069681e+03 6.02596993e+04
 4.45856693e+01 1.05642396e+04 6.65088081e+04
 4.94300527e+01 1.25764018e+04 7.31742437e+04
 5.48007947e+01 1.49477518e+04 8.02703134e+04
 6.07550859e+01 1.77939386e+04 8.78134102e+04
 6.73563310e+01 2.11876488e+04 9.59019075e+04
 7.46748236e+01 2.52119177e+04 1.04612214e+05
 8.27884952e+01 3.00070365e+04 1.14003900e+05
 9.17837445e+01 3.57328348e+04 1.24135317e+05
 1.01756358e+02 4.25692007e+04 1.35009880e+05
 1.12812530e+02 5.05369775e+04 1.46581782e+05
 1.25069992e+02 5.96312898e+04 1.58786434e+05
 1.38659268e+02 6.98794048e+04 1.71366657e+05
 1.53725066e+02 8.13863511e+04 1.84212345e+05
 1.70427813e+02 9.42572738e+04 1.97255020e+05
 1.88945369e+02 1.08476793e+05 2.10417630e+05
 2.09474921e+02 1.23999915e+05 2.23653435e+05
 2.32235078e+02 1.40851789e+05 2.36938903e+05
 2.57468203e+02 1.59024569e+05 2.50072087e+05
 2.85442992e+02 1.78491307e+05 2.63031420e+05
 3.16457336e+02 1.99127973e+05 2.75622861e+05
 3.50841494e+02 2.20627748e+05 2.87572925e+05
 3.88961606e+02 2.42899853e+05 2.98561380e+05
 4.31223596e+02 2.65855735e+05 3.08216842e+05
 4.78077495e+02 2.89420224e+05 3.16085442e+05
 5.30022228e+02 3.13536281e+05 3.22139756e+05
 5.87610932e+02 3.38135454e+05 3.26432567e+05
 6.51456842e+02 3.62945602e+05 3.29065417e+05
 7.22239826e+02 3.87941821e+05 3.30194063e+05
 8.00713620e+02 4.13070722e+05 3.30028087e+05
 8.87713856e+02 4.38263642e+05 3.28827698e+05
 9.84166962e+02 4.63449357e+05 3.26987406e+05
 1.09110002e+03 4.88418391e+05 3.24644610e+05
 1.20965172e+03 5.12867207e+05 3.21769728e+05
 1.34108446e+03 5.36971612e+05 3.18348506e+05
 1.48679781e+03 5.60851147e+05 3.14434214e+05
 1.64834341e+03 5.84386089e+05 3.10108580e+05
 1.82744149e+03 6.07282709e+05 3.05499448e+05
 2.02599917e+03 6.29189832e+05 3.00712387e+05
 2.24613082e+03 6.50072021e+05 2.95865421e+05
 2.49018051e+03 6.70055953e+05 2.91102525e+05
 2.76074702e+03 6.88982883e+05 2.86570183e+05
 3.06071150e+03 7.06618532e+05 2.82261206e+05
 3.39326813e+03 7.23030733e+05 2.78151534e+05
 3.76195816e+03 7.38793809e+05 2.74188663e+05
 4.17070761e+03 7.54632271e+05 2.70324731e+05
 4.62386906e+03 7.71149149e+05 2.66517572e+05
 5.12626804e+03 7.88617214e+05 2.62711568e+05
 5.68325436e+03 8.07189096e+05 2.58822710e+05
 6.30075912e+03 8.26915786e+05 2.54877046e+05
 6.98535786e+03 8.47599387e+05 2.50904696e+05
 7.74434056e+03 8.68657286e+05 2.46940288e+05
 8.58578929e+03 8.89299214e+05 2.42994078e+05
 9.51866426e+03 9.08619876e+05 2.39062925e+05
 1.05528992e+04 9.26536848e+05 2.35147611e+05
 1.16995074e+04 9.43107734e+05 2.31283275e+05
 1.29706983e+04 9.58513287e+05 2.27511295e+05
 1.43800084e+04 9.72915585e+05 2.23878334e+05
 1.59424449e+04 9.86516522e+05 2.20435766e+05
 1.76746453e+04 9.99812635e+05 2.17202661e+05
 1.95950552e+04 1.01338214e+06 2.14134137e+05
 2.17241240e+04 1.02722015e+06 2.11168103e+05
 2.40845234e+04 1.04118526e+06 2.08249102e+05
 2.67013881e+04 1.05507566e+06 2.05359014e+05
 2.96025840e+04 1.06889091e+06 2.02484128e+05
 3.28190046e+04 1.08265977e+06 1.99618626e+05
 3.63849002e+04 1.09621034e+06 1.96823963e+05
 4.03382424e+04 1.10932831e+06 1.94249899e+05
 4.47211286e+04 1.12176493e+06 1.92074258e+05
 4.95802301e+04 1.13362589e+06 1.90435585e+05
 5.49672893e+04 1.14512445e+06 1.89350460e+05
 6.09396708e+04 1.15642813e+06 1.88801906e+05
 6.75609716e+04 1.16773568e+06 1.88752915e+05
 7.49016992e+04 1.17920715e+06 1.89212735e+05
 8.30400215e+04 1.19192503e+06 1.89722516e+05
 9.20626000e+04 1.20602474e+06 1.90287686e+05
