 1.55889000e-02 3.09515452e+00 8.61216440e+01
 1.70292493e-02 3.68975929e+00 9.37401348e+01
 1.86026808e-02 4.33930307e+00 1.02062542e+02
 2.03214909e-02 5.04886198e+00 1.11153906e+02
 2.21991118e-02 5.84971945e+00 1.20814596e+02
 2.42502171e-02 6.77368228e+00 1.31018948e+02
 2.64908359e-02 7.85918626e+00 1.41766834e+02
 2.89384786e-02 9.14195476e+00 1.53107801e+02
 3.16122732e-02 1.06496958e+01 1.65115049e+02
 3.45331153e-02 1.24110189e+01 1.78013912e+02
 3.77238310e-02 1.44617384e+01 1.92076113e+02
 4.12093555e-02 1.68765580e+01 2.07613191e+02
 4.50169279e-02 1.97121044e+01 2.24921000e+02
 4.91763042e-02 2.29986641e+01 2.44305825e+02
 5.37199894e-02 2.67814636e+01 2.65973062e+02
 5.86834922e-02 3.11226963e+01 2.90110202e+02
 6.41056019e-02 3.61367258e+01 3.16780140e+02
 7.00286919e-02 4.19687641e+01 3.46025453e+02
 7.64990507e-02 4.87228912e+01 3.77868660e+02
 8.35672437e-02 5.65589259e+01 4.12270768e+02
 9.12885082e-02 6.57047903e+01 4.49167067e+02
 9.97231853e-02 7.63405260e+01 4.88557480e+02
 1.08937191e-01 8.86167005e+01 5.30514059e+02
 1.19002533e-01 1.02560947e+02 5.75198578e+02
 1.29997870e-01 1.18136503e+02 6.22775276e+02
 1.42009131e-01 1.35465499e+02 6.73422586e+02
 1.55130182e-01 1.54674159e+02 7.27395532e+02
 1.69463563e-01 1.75881589e+02 7.84765889e+02
 1.85121289e-01 1.99436103e+02 8.45511279e+02
 2.02225723e-01 2.25619755e+02 9.09512495e+02
 2.20910536e-01 2.54739643e+02 9.76766180e+02
 2.41321747e-01 2.87160900e+02 1.04727839e+03
 2.63618869e-01 3.22792796e+02 1.12108757e+03
 2.87976153e-01 3.61260625e+02 1.19825149e+03
 3.14583947e-01 4.01960076e+02 1.27949604e+03
 3.43650191e-01 4.43994400e+02 1.36586925e+03
 3.75402034e-01 4.86826003e+02 1.45831889e+03
 4.10087615e-01 5.30402641e+02 1.55754504e+03
 4.47977998e-01 5.75121310e+02 1.66429446e+03
 4.89369295e-01 6.21861215e+02 1.77926061e+03
 5.34584976e-01 6.72179083e+02 1.90304553e+03
 5.83978396e-01 7.27278637e+02 2.03526394e+03
 6.37935562e-01 7.87849030e+02 2.17486916e+03
 6.96878145e-01 8.54188052e+02 2.32127498e+03
 7.61266776e-01 9.25515107e+02 2.47419839e+03
 8.31604649e-01 9.99688076e+02 2.63321008e+03
 9.08441447e-01 1.07412105e+03 2.79784275e+03
 9.92377645e-01 1.14562738e+03 2.96762966e+03
 1.08406920e+00 1.21286762e+03 3.14348603e+03
 1.18423267e+00 1.27616585e+03 3.32753726e+03
 1.29365082e+00 1.33604880e+03 3.52263204e+03
 1.41317876e+00 1.39383690e+03 3.73182218e+03
 1.54375057e+00 1.45222492e+03 3.95988779e+03
 1.68638668e+00 1.51441308e+03 4.21428770e+03
 1.84220177e+00 1.58369109e+03 4.50369271e+03
 2.01241353e+00 1.66209600e+03 4.83270478e+03
 2.19835214e+00 1.75074062e+03 5.20548710e+03
 2.40147070e+00 1.85085148e+03 5.62405755e+03
 2.62335657e+00 1.96350583e+03 6.08791958e+03
 2.86574376e+00 2.08868979e+03 6.59297365e+03
 3.13052652e+00 2.22621764e+03 7.12894076e+03
 3.41977411e+00 2.37604661e+03 7.68346212e+03
 3.73574696e+00 2.53699660e+03 8.25941663e+03
 4.08091438e+00 2.70689075e+03 8.86431358e+03
 4.45797384e+00 2.88304989e+03 9.50423107e+03
 4.86987201e+00 3.06299690e+03 1.01883073e+04
 5.31982786e+00 3.24527418e+03 1.09288937e+04
 5.81135774e+00 3.42822630e+03 1.17415384e+04
 6.34830294e+00 3.61027417e+03 1.26423402e+04
 6.93485963e+00 3.79480377e+03 1.36259001e+04
 7.57561172e+00 3.98778358e+03 1.46753685e+04
 8.27556662e+00 4.19636597e+03 1.57841748e+04
 9.04019443e+00 4.42846412e+03 1.69516581e+04
 9.87547065e+00 4.69265477e+03 1.81770381e+04
 1.07879229e+01 4.99896037e+03 1.94634637e+04
 1.17846820e+01 5.35814977e+03 2.08180948e+04
 1.28735374e+01 5.77409985e+03 2.22596174e+04
 1.40629985e+01 6.24956151e+03 2.38165794e+04
 1.53623609e+01 6.78692225e+03 2.55149544e+04
 1.67817789e+01 7.38829265e+03 2.73765866e+04
 1.83323452e+01 8.05563527e+03 2.94263408e+04
 2.00261774e+01 8.79027435e+03 3.16910989e+04
 2.18765126e+01 9.59336055e+03 3.41977646e+04
 2.38978110e+01 1.04711484e+04 3.69759818e+04
 2.61058690e+01 1.14305811e+04 4.00553914e+04
 2.85179423e+01 1.24800374e+04 4.34581067e+04
 3.11528811e+01 1.36291780e+04 4.72123448e+04
 3.40312773e+01 1.48943249e+04 5.13567223e+04
 3.71756253e+01 1.62959820e+04 5.59327970e+04
 4.06104979e+01 1.78578923e+04 6.09891889e+04
 4.43627384e+01 1.96066058e+04 6.65805054e+04
 4.84616702e+01 2.15793840e+04 7.27503000e+04
 5.29393262e+01 2.38182693e+04 7.95167638e+04
 5.78306990e+01 2.63706380e+04 8.68810392e+04
 6.31740142e+01 2.92731964e+04 9.48520909e+04
 6.90110294e+01 3.25514491e+04 1.03463875e+05
 7.53873604e+01 3.62319054e+04 1.12750891e+05
 8.23528379e+01 4.03508552e+04 1.22728113e+05
 8.99618963e+01 4.48503788e+04 1.33627188e+05
 9.82740000e+01 4.97656396e+04 1.45533292e+05
