 1.60014000e-02 1.20700625e+01 2.51063113e+02
 1.74798618e-02 1.56664539e+01 2.72414990e+02
 1.90949272e-02 1.95951367e+01 2.95739691e+02
 2.08592179e-02 2.38868132e+01 3.21219496e+02
 2.27865215e-02 2.86022304e+01 3.49047174e+02
 2.48918999e-02 3.38964682e+01 3.79369224e+02
 2.71918063e-02 4.00113897e+01 4.12248674e+02
 2.97042144e-02 4.71771850e+01 4.47655573e+02
 3.24487584e-02 5.55243689e+01 4.85461705e+02
 3.54468866e-02 6.51755019e+01 5.25554319e+02
 3.87220293e-02 7.62591128e+01 5.67864773e+02
 4.22997813e-02 8.89742119e+01 6.12803435e+02
 4.62081025e-02 1.03531840e+02 6.60851723e+02
 5.04775360e-02 1.20012453e+02 7.12552201e+02
 5.51414472e-02 1.38613480e+02 7.68475814e+02
 6.02362841e-02 1.59906732e+02 8.29182790e+02
 6.58018624e-02 1.84553899e+02 8.95170310e+02
 7.18816766e-02 2.13312680e+02 9.66924187e+02
 7.85232400e-02 2.47019767e+02 1.04460413e+03
 8.57784558e-02 2.86055849e+02 1.12792842e+03
 9.37040229e-02 3.30919631e+02 1.21654581e+03
 1.02361879e-01 3.82129503e+02 1.31042126e+03
 1.11819684e-01 4.40020944e+02 1.40953591e+03
 1.22151351e-01 5.04974424e+02 1.51372007e+03
 1.33437620e-01 5.77466136e+02 1.62232381e+03
 1.45766693e-01 6.57801467e+02 1.73461211e+03
 1.59234920e-01 7.46789152e+02 1.85084062e+03
 1.73947554e-01 8.45115190e+02 1.97128165e+03
 1.90019573e-01 9.52603103e+02 2.09596403e+03
 2.07576579e-01 1.06891184e+03 2.22431980e+03
 2.26755779e-01 1.19344364e+03 2.35533874e+03
 2.47707055e-01 1.32521083e+03 2.48890251e+03
 2.70594141e-01 1.46319793e+03 2.62480368e+03
 2.95595897e-01 1.60552211e+03 2.76201419e+03
 3.22907710e-01 1.74996287e+03 2.89933971e+03
 3.52743019e-01 1.89615776e+03 3.03484349e+03
 3.85334984e-01 2.04372057e+03 3.16774132e+03
 4.20938310e-01 2.19230315e+03 3.29909343e+03
 4.59831232e-01 2.34129386e+03 3.42948207e+03
 5.02317696e-01 2.48887911e+03 3.55973815e+03
 5.48729730e-01 2.63468920e+03 3.69089479e+03
 5.99430040e-01 2.77929432e+03 3.82419415e+03
 6.54814845e-01 2.92188444e+03 3.96261243e+03
 7.15316972e-01 3.06157693e+03 4.10892529e+03
 7.81409239e-01 3.19728124e+03 4.26476916e+03
 8.53608154e-01 3.32879658e+03 4.43199528e+03
 9.32477943e-01 3.45895654e+03 4.61251908e+03
 1.01863497e+00 3.58998297e+03 4.80848703e+03
 1.11275254e+00 3.72364500e+03 5.02229970e+03
 1.21556617e+00 3.86203252e+03 5.25561382e+03
 1.32787935e+00 4.00691298e+03 5.50996333e+03
 1.45056980e+00 4.16062225e+03 5.78712234e+03
 1.58459632e+00 4.32514014e+03 6.08910309e+03
 1.73100633e+00 4.50067477e+03 6.41823118e+03
 1.89094401e+00 4.68739665e+03 6.77705747e+03
 2.06565925e+00 4.88490681e+03 7.16837409e+03
 2.25651744e+00 5.09193690e+03 7.59478430e+03
 2.46501013e+00 5.30872253e+03 8.05903767e+03
 2.69276665e+00 5.53526140e+03 8.56405843e+03
 2.94156692e+00 5.77149300e+03 9.11293309e+03
 3.21335528e+00 6.01730769e+03 9.70898083e+03
 3.51025574e+00 6.27254803e+03 1.03557778e+04
 3.83458855e+00 6.53843388e+03 1.10587096e+04
 4.18888834e+00 6.81842399e+03 1.18251671e+04
 4.57592394e+00 7.11533241e+03 1.26637169e+04
 4.99871999e+00 7.43241423e+03 1.35839383e+04
 5.46058060e+00 7.77298713e+03 1.45965482e+04
 5.96511520e+00 8.13894577e+03 1.57134355e+04
 6.51626665e+00 8.53221279e+03 1.69381324e+04
 7.11834217e+00 8.95378564e+03 1.82693820e+04
 7.77604693e+00 9.40318204e+03 1.97032801e+04
 8.49452083e+00 9.87993009e+03 2.12340577e+04
 9.27937869e+00 1.03848846e+04 2.28541543e+04
 1.01367541e+01 1.09200909e+04 2.45541934e+04
 1.10733474e+01 1.14928282e+04 2.63230841e+04
 1.20964779e+01 1.21116010e+04 2.81736828e+04
 1.32141414e+01 1.27862173e+04 3.01241290e+04
 1.44350723e+01 1.35278678e+04 3.21958863e+04
 1.57688120e+01 1.43430373e+04 3.44128374e+04
 1.72257836e+01 1.52340450e+04 3.67904380e+04
 1.88173733e+01 1.62019704e+04 3.93449361e+04
 2.05560191e+01 1.72439641e+04 4.20932204e+04
 2.24553085e+01 1.83560690e+04 4.50357950e+04
 2.45300842e+01 1.95336858e+04 4.81754135e+04
 2.67965604e+01 2.07818934e+04 5.15163545e+04
 2.92724494e+01 2.21219929e+04 5.50650970e+04
 3.19771001e+01 2.35827204e+04 5.88599607e+04
 3.49316492e+01 2.51975423e+04 6.29382584e+04
 3.81591860e+01 2.70049655e+04 6.73134411e+04
 4.16849337e+01 2.90488807e+04 7.19979049e+04
 4.55364456e+01 3.13775588e+04 7.69934090e+04
 4.97438208e+01 3.40162422e+04 8.22932560e+04
 5.43399398e+01 3.69815974e+04 8.78852573e+04
 5.93607208e+01 4.02898110e+04 9.37885778e+04
 6.48454008e+01 4.39570775e+04 9.99789857e+04
 7.08368420e+01 4.79997104e+04 1.06511975e+05
 7.73818671e+01 5.24342509e+04 1.13452754e+05
 8.45316248e+01 5.72785099e+04 1.20879358e+05
 9.23419900e+01 6.25703580e+04 1.28992149e+05
 1.00874000e+02 6.83511505e+04 1.37854528e+05
