 1.60014000e-02 9.24703739e+01 1.22955256e+03
 1.74844750e-02 1.13793030e+02 1.32337539e+03
 1.91050075e-02 1.37091956e+02 1.42589410e+03
 2.08757376e-02 1.62550322e+02 1.53791466e+03
 2.28105861e-02 1.91268380e+02 1.66055497e+03
 2.49247643e-02 2.23716843e+02 1.79603249e+03
 2.72348932e-02 2.60680969e+02 1.94644548e+03
 2.97591342e-02 3.03126230e+02 2.11377987e+03
 3.25173322e-02 3.52597776e+02 2.29868345e+03
 3.55311712e-02 4.10699150e+02 2.50274956e+03
 3.88243451e-02 4.78712490e+02 2.72777454e+03
 4.24227438e-02 5.58506033e+02 2.97444542e+03
 4.63546568e-02 6.51818289e+02 3.24042010e+03
 5.06509956e-02 7.60201152e+02 3.52379807e+03
 5.53455365e-02 8.85244428e+02 3.82304878e+03
 6.04751867e-02 1.02798834e+03 4.13777032e+03
 6.60802737e-02 1.18858755e+03 4.46573015e+03
 7.22048631e-02 1.36744338e+03 4.80405605e+03
 7.88971044e-02 1.56495070e+03 5.14983168e+03
 8.62096100e-02 1.78262274e+03 5.50416658e+03
 9.41998684e-02 2.02240225e+03 5.86484469e+03
 1.02930697e-01 2.28645247e+03 6.22874023e+03
 1.12470734e-01 2.57753231e+03 6.59166732e+03
 1.22894980e-01 2.89930611e+03 6.95299236e+03
 1.34285388e-01 3.25585591e+03 7.31061885e+03
 1.46731506e-01 3.65151305e+03 7.66167507e+03
 1.60331181e-01 4.08749256e+03 8.00264738e+03
 1.75191329e-01 4.56262849e+03 8.33193173e+03
 1.91428776e-01 5.07507091e+03 8.64740555e+03
 2.09171176e-01 5.62231703e+03 8.94640415e+03
 2.28558014e-01 6.20107533e+03 9.22517279e+03
 2.49741703e-01 6.80455671e+03 9.48357209e+03
 2.72888783e-01 7.42378029e+03 9.72203485e+03
 2.98181229e-01 8.05392083e+03 9.94047303e+03
 3.25817882e-01 8.69511110e+03 1.01430432e+04
 3.56016013e-01 9.34768833e+03 1.03360386e+04
 3.89013030e-01 1.00081593e+04 1.05271111e+04
 4.25068344e-01 1.06673383e+04 1.07226175e+04
 4.64465413e-01 1.13214784e+04 1.09249016e+04
 5.07513963e-01 1.19686062e+04 1.11358443e+04
 5.54552427e-01 1.26031733e+04 1.13569194e+04
 6.05950609e-01 1.32147213e+04 1.15846521e+04
 6.62112584e-01 1.37896806e+04 1.18141961e+04
 7.23479880e-01 1.43234757e+04 1.20403000e+04
 7.90534947e-01 1.48250909e+04 1.22594903e+04
 8.63804952e-01 1.53009557e+04 1.24743641e+04
 9.43865919e-01 1.57576173e+04 1.26887331e+04
 1.03134726e+00 1.62032081e+04 1.29074013e+04
 1.12693674e+00 1.66467146e+04 1.31354479e+04
 1.23138583e+00 1.71030636e+04 1.33787746e+04
 1.34551569e+00 1.75822607e+04 1.36430116e+04
 1.47022358e+00 1.80866477e+04 1.39323591e+04
 1.60648990e+00 1.86188634e+04 1.42471290e+04
 1.75538594e+00 1.91818630e+04 1.45881885e+04
 1.91808227e+00 1.97742629e+04 1.49573580e+04
 2.09585796e+00 2.03963205e+04 1.53583631e+04
 2.29011063e+00 2.10451436e+04 1.57954572e+04
 2.50236742e+00 2.17171073e+04 1.62742274e+04
 2.73429705e+00 2.24078089e+04 1.68013591e+04
 2.98772286e+00 2.31120162e+04 1.73843636e+04
 3.26463720e+00 2.38226175e+04 1.80341228e+04
 3.56721710e+00 2.45431881e+04 1.87648761e+04
 3.89784133e+00 2.52791161e+04 1.95918647e+04
 4.25910917e+00 2.60368689e+04 2.05324694e+04
 4.65386079e+00 2.68241451e+04 2.15979434e+04
 5.08519959e+00 2.76499405e+04 2.27900062e+04
 5.55651664e+00 2.85246246e+04 2.41088611e+04
 6.07151728e+00 2.94534331e+04 2.55426907e+04
 6.63425027e+00 3.04328724e+04 2.70682537e+04
 7.24913965e+00 3.14555861e+04 2.86571082e+04
 7.92101950e+00 3.25124545e+04 3.02773858e+04
 8.65517190e+00 3.35924871e+04 3.19161296e+04
 9.45736855e+00 3.46827031e+04 3.35864606e+04
 1.03339161e+01 3.57718428e+04 3.53050820e+04
 1.12917056e+01 3.68784853e+04 3.71003254e+04
 1.23382669e+01 3.80304145e+04 3.90121647e+04
 1.34818278e+01 3.92610641e+04 4.10871022e+04
 1.47313786e+01 4.06098465e+04 4.33729036e+04
 1.60967429e+01 4.21157808e+04 4.59040166e+04
 1.75886547e+01 4.38082971e+04 4.87002694e+04
 1.92188430e+01 4.57088891e+04 5.17829219e+04
 2.10001238e+01 4.78011414e+04 5.51619785e+04
 2.29465010e+01 5.00590940e+04 5.88436781e+04
 2.50732763e+01 5.24594593e+04 6.28323313e+04
 2.73971699e+01 5.49752626e+04 6.71343555e+04
 2.99364514e+01 5.75929052e+04 7.17579720e+04
 3.27110838e+01 6.03370342e+04 7.66833338e+04
 3.57428805e+01 6.32446131e+04 8.18825760e+04
 3.90556765e+01 6.63739085e+04 8.73550572e+04
 4.26755160e+01 6.97837043e+04 9.31014828e+04
 4.66308569e+01 7.35163834e+04 9.91217019e+04
 5.09527950e+01 7.76155777e+04 1.05403982e+05
 5.56753080e+01 8.21165887e+04 1.11927263e+05
 6.08355227e+01 8.70302916e+04 1.18739069e+05
 6.64740072e+01 9.23627187e+04 1.25906432e+05
 7.26350894e+01 9.81334592e+04 1.33495226e+05
 7.93672058e+01 1.04374748e+05 1.41580661e+05
 8.67232823e+01 1.11135567e+05 1.50223552e+05
 9.47611500e+01 1.18523006e+05 1.59667503e+05
 1.03544000e+02 1.26595143e+05 1.69986757e+05
