 1.64248000e-02 6.18752990e+02 6.89462142e+03
 1.79329189e-02 7.46024312e+02 7.42510455e+03
 1.95795127e-02 8.84981639e+02 8.00429644e+03
 2.13772961e-02 1.03669798e+03 8.63666950e+03
 2.33401513e-02 1.20674022e+03 9.31786633e+03
 2.54832352e-02 1.40219588e+03 1.00532708e+04
 2.78230961e-02 1.63148922e+03 1.08485647e+04
 3.03778022e-02 1.90346058e+03 1.17101848e+04
 3.31670805e-02 2.22819415e+03 1.26475739e+04
 3.62124692e-02 2.61955266e+03 1.36734856e+04
 3.95374844e-02 3.08855778e+03 1.47974941e+04
 4.31678012e-02 3.64586337e+03 1.60296086e+04
 4.71314523e-02 4.29920202e+03 1.73771044e+04
 5.14590444e-02 5.05391356e+03 1.88289680e+04
 5.61839943e-02 5.91247452e+03 2.03687899e+04
 6.13427873e-02 6.87170110e+03 2.19754211e+04
 6.69752587e-02 7.92715775e+03 2.36258882e+04
 7.31249016e-02 9.07522589e+03 2.53025436e+04
 7.98392022e-02 1.03139267e+04 2.69812644e+04
 8.71700075e-02 1.16517736e+04 2.86329023e+04
 9.51739244e-02 1.31006262e+04 3.02513004e+04
 1.03912758e-01 1.46851424e+04 3.18473109e+04
 1.13453988e-01 1.64350320e+04 3.34204533e+04
 1.23871290e-01 1.83830629e+04 3.49609621e+04
 1.35245105e-01 2.05660532e+04 3.64553076e+04
 1.47663259e-01 2.30157128e+04 3.78982226e+04
 1.61221643e-01 2.57076938e+04 3.92840887e+04
 1.76024953e-01 2.86089782e+04 4.05845903e+04
 1.92187498e-01 3.16700797e+04 4.17451019e+04
 2.09834081e-01 3.48373586e+04 4.27412158e+04
 2.29100966e-01 3.80472796e+04 4.35683268e+04
 2.50136930e-01 4.12176556e+04 4.42189731e+04
 2.73104408e-01 4.42653188e+04 4.46797770e+04
 2.98180751e-01 4.72071276e+04 4.49374421e+04
 3.25559594e-01 5.00665664e+04 4.50221236e+04
 3.55452353e-01 5.28526746e+04 4.49768573e+04
 3.88089853e-01 5.55690438e+04 4.48277719e+04
 4.23724116e-01 5.82275616e+04 4.45921133e+04
 4.62630303e-01 6.08636802e+04 4.42911021e+04
 5.05108842e-01 6.35137679e+04 4.39506740e+04
 5.51487744e-01 6.61553281e+04 4.36055859e+04
 6.02125139e-01 6.87629078e+04 4.32621882e+04
 6.57412040e-01 7.13367782e+04 4.29243325e+04
 7.17775364e-01 7.38762985e+04 4.25964414e+04
 7.83681225e-01 7.63742895e+04 4.22835541e+04
 8.55638538e-01 7.88084045e+04 4.19919238e+04
 9.34202943e-01 8.11530840e+04 4.17301507e+04
 1.01998110e+00 8.33792785e+04 4.14958666e+04
 1.11363538e+00 8.54541514e+04 4.12902713e+04
 1.21588896e+00 8.73893124e+04 4.11143374e+04
 1.32753142e+00 8.92269264e+04 4.09688188e+04
 1.44942485e+00 9.10201542e+04 4.08523950e+04
 1.58251049e+00 9.28336860e+04 4.07612136e+04
 1.72781600e+00 9.47443539e+04 4.06834711e+04
 1.88646341e+00 9.68171670e+04 4.06134174e+04
 2.05967777e+00 9.91035116e+04 4.05440388e+04
 2.24879660e+00 1.01578122e+05 4.04726374e+04
 2.45528024e+00 1.04184122e+05 4.04032736e+04
 2.68072314e+00 1.06852564e+05 4.03463125e+04
 2.92686612e+00 1.09501727e+05 4.03166041e+04
 3.19560986e+00 1.12036330e+05 4.03370961e+04
 3.48902954e+00 1.14407766e+05 4.04344492e+04
 3.80939091e+00 1.16613817e+05 4.06392837e+04
 4.15916774e+00 1.18676166e+05 4.09735312e+04
 4.54106094e+00 1.20625729e+05 4.14442180e+04
 4.95801943e+00 1.22500729e+05 4.20544890e+04
 5.41326289e+00 1.24334796e+05 4.28057059e+04
 5.91030663e+00 1.26160012e+05 4.36981541e+04
 6.45298874e+00 1.27981778e+05 4.47338229e+04
 7.04549972e+00 1.29787312e+05 4.59220740e+04
 7.69241483e+00 1.31562470e+05 4.72776791e+04
 8.39872944e+00 1.33291596e+05 4.88258100e+04
 9.16989758e+00 1.34957123e+05 5.05924301e+04
 1.00118741e+01 1.36570249e+05 5.25875468e+04
 1.09311606e+01 1.38164105e+05 5.48200886e+04
 1.19348556e+01 1.39769600e+05 5.72904374e+04
 1.30307095e+01 1.41409660e+05 5.99754698e+04
 1.42271843e+01 1.43111455e+05 6.28498004e+04
 1.55335189e+01 1.44906635e+05 6.58845776e+04
 1.69598008e+01 1.46843221e+05 6.90463813e+04
 1.85170432e+01 1.48969328e+05 7.23449753e+04
 2.02172711e+01 1.51328458e+05 7.57923608e+04
 2.20736132e+01 1.53970706e+05 7.94078926e+04
 2.41004040e+01 1.56953214e+05 8.32282471e+04
 2.63132940e+01 1.60340679e+05 8.72956787e+04
 2.87293706e+01 1.64193114e+05 9.16584073e+04
 3.13672905e+01 1.68518795e+05 9.63787769e+04
 3.42474232e+01 1.73293795e+05 1.01495649e+05
 3.73920086e+01 1.78484401e+05 1.07038475e+05
 4.08253286e+01 1.84046671e+05 1.13011871e+05
 4.45738948e+01 1.89925932e+05 1.19416610e+05
 4.86666529e+01 1.96047745e+05 1.26248918e+05
 5.31352065e+01 2.02353979e+05 1.33500224e+05
 5.80140610e+01 2.08871565e+05 1.41149503e+05
 6.33408900e+01 2.15655316e+05 1.49157171e+05
 6.91568265e+01 2.22778956e+05 1.57558430e+05
 7.55067800e+01 2.30328387e+05 1.66430179e+05
 8.24397839e+01 2.38380226e+05 1.75847465e+05
 9.00093735e+01 2.47171383e+05 1.86129443e+05
 9.82740000e+01 2.56769740e+05 1.97355507e+05
