 1.60014000e-02 1.60657393e+03 1.70217512e+04
 1.74660342e-02 1.97773179e+03 1.84742452e+04
 1.90647287e-02 2.38286233e+03 2.00596884e+04
 2.08097544e-02 2.82507514e+03 2.17902498e+04
 2.27145051e-02 3.33569512e+03 2.36725277e+04
 2.47936007e-02 3.93770024e+03 2.56705193e+04
 2.70629994e-02 4.65024814e+03 2.77625047e+04
 2.95401198e-02 5.49274926e+03 2.99344410e+04
 3.22439750e-02 6.47907564e+03 3.22253297e+04
 3.51953185e-02 7.61929413e+03 3.46399331e+04
 3.84168033e-02 8.91737511e+03 3.71793187e+04
 4.19331559e-02 1.03828505e+04 3.98387685e+04
 4.57713659e-02 1.20299455e+04 4.26551034e+04
 4.99608935e-02 1.38854434e+04 4.56818744e+04
 5.45338955e-02 1.59679564e+04 4.89644111e+04
 5.95254717e-02 1.82909744e+04 5.25206060e+04
 6.49739350e-02 2.08695273e+04 5.63715876e+04
 7.09211051e-02 2.37228825e+04 6.05297148e+04
 7.74126293e-02 2.68314117e+04 6.50105277e+04
 8.44983333e-02 3.02029896e+04 6.98006458e+04
 9.22326033e-02 3.38464604e+04 7.48076691e+04
 1.00674804e-01 3.78154863e+04 7.99180644e+04
 1.09889732e-01 4.21910627e+04 8.49959365e+04
 1.19948118e-01 4.70308889e+04 8.99290626e+04
 1.30927165e-01 5.23985087e+04 9.46184107e+04
 1.42911141e-01 5.83957198e+04 9.89271055e+04
 1.55992031e-01 6.50087151e+04 1.02748426e+05
 1.70270235e-01 7.21805819e+04 1.06095648e+05
 1.85855347e-01 7.98047428e+04 1.08991623e+05
 2.02866990e-01 8.77646311e+04 1.11443313e+05
 2.21435736e-01 9.60024206e+04 1.13407955e+05
 2.41704109e-01 1.04389259e+05 1.14858366e+05
 2.63827680e-01 1.12773162e+05 1.15835553e+05
 2.87976257e-01 1.21113680e+05 1.16372184e+05
 3.14335192e-01 1.29409716e+05 1.16446994e+05
 3.43106804e-01 1.37639251e+05 1.16040911e+05
 3.74511929e-01 1.45724633e+05 1.15205762e+05
 4.08791615e-01 1.53554453e+05 1.14037348e+05
 4.46208977e-01 1.61167971e+05 1.12611839e+05
 4.87051211e-01 1.68617682e+05 1.10975730e+05
 5.31631802e-01 1.75898812e+05 1.09195522e+05
 5.80292926e-01 1.82940667e+05 1.07331771e+05
 6.33408082e-01 1.89723419e+05 1.05455780e+05
 6.91384955e-01 1.96306841e+05 1.03604164e+05
 7.54668545e-01 2.02734355e+05 1.01800767e+05
 8.23744586e-01 2.08947692e+05 1.00079083e+05
 8.99143269e-01 2.14882645e+05 9.84777289e+04
 9.81443316e-01 2.20514111e+05 9.69975467e+04
 1.07127642e+00 2.25938007e+05 9.56316255e+04
 1.16933210e+00 2.31229762e+05 9.43692804e+04
 1.27636297e+00 2.36426983e+05 9.31959387e+04
 1.39319055e+00 2.41576559e+05 9.20861542e+04
 1.52071154e+00 2.46735044e+05 9.09923382e+04
 1.65990475e+00 2.51969112e+05 8.98581151e+04
 1.81183853e+00 2.57375720e+05 8.86505285e+04
 1.97767906e+00 2.62901632e+05 8.73478854e+04
 2.15869925e+00 2.68480643e+05 8.59590646e+04
 2.35628850e+00 2.74032739e+05 8.45020740e+04
 2.57196343e+00 2.79463174e+05 8.30105010e+04
 2.80737943e+00 2.84661460e+05 8.15367270e+04
 3.06434344e+00 2.89527098e+05 8.01425035e+04
 3.34482778e+00 2.93914025e+05 7.88995496e+04
 3.65098531e+00 2.97911613e+05 7.78902154e+04
 3.98516594e+00 3.01636197e+05 7.71177130e+04
 4.34993467e+00 3.05232277e+05 7.65671803e+04
 4.74809127e+00 3.08871201e+05 7.62213366e+04
 5.18269179e+00 3.12663784e+05 7.60628221e+04
 5.65707201e+00 3.16661598e+05 7.60697336e+04
 6.17487302e+00 3.20904910e+05 7.62154485e+04
 6.74006920e+00 3.25255750e+05 7.64684131e+04
 7.35699871e+00 3.29550127e+05 7.68525270e+04
 8.03039677e+00 3.33596450e+05 7.74046784e+04
 8.76543206e+00 3.37181003e+05 7.81423684e+04
 9.56774633e+00 3.40288781e+05 7.90684028e+04
 1.04434977e+01 3.42958827e+05 8.01838048e+04
 1.13994081e+01 3.45245062e+05 8.14877975e+04
 1.24428145e+01 3.47216555e+05 8.29777741e+04
 1.35817255e+01 3.48958154e+05 8.46492503e+04
 1.48248830e+01 3.50571238e+05 8.64946433e+04
 1.61818286e+01 3.52169727e+05 8.85187820e+04
 1.76629778e+01 3.53773760e+05 9.07366136e+04
 1.92796989e+01 3.55498139e+05 9.31642849e+04
 2.10444011e+01 3.57482303e+05 9.58316498e+04
 2.29706294e+01 3.59891787e+05 9.87988110e+04
 2.50731685e+01 3.62919858e+05 1.02135960e+05
 2.73681564e+01 3.66789327e+05 1.05924852e+05
 2.98732083e+01 3.71754568e+05 1.10260284e+05
 3.26075517e+01 3.77948104e+05 1.15230497e+05
 3.55921740e+01 3.85264271e+05 1.20876617e+05
 3.88499837e+01 3.93559913e+05 1.27204591e+05
 4.24059859e+01 4.02652679e+05 1.34142551e+05
 4.62874748e+01 4.12319060e+05 1.41598041e+05
 5.05242428e+01 4.22292160e+05 1.49456976e+05
 5.51488090e+01 4.32259178e+05 1.57582493e+05
 6.01966692e+01 4.42143063e+05 1.65865143e+05
 6.57065684e+01 4.52059894e+05 1.74330696e+05
 7.17207975e+01 4.62152796e+05 1.83036795e+05
 7.82855189e+01 4.72501190e+05 1.92059022e+05
 8.54511199e+01 4.83796789e+05 2.01907069e+05
 9.32726000e+01 4.96126293e+05 2.12656524e+05
