 1.68594000e-02 3.78516454e+03 3.46571535e+04
 1.82238215e-02 4.55180866e+03 3.77161197e+04
 1.96986649e-02 5.38049685e+03 4.10226462e+04
 2.12928666e-02 6.27625029e+03 4.45967680e+04
 2.30160860e-02 7.26181679e+03 4.84669244e+04
 2.48787646e-02 8.34594902e+03 5.26226635e+04
 2.68921887e-02 9.53935254e+03 5.70433774e+04
 2.90685580e-02 1.08632804e+04 6.17021134e+04
 3.14210597e-02 1.23509648e+04 6.65642995e+04
 3.39639480e-02 1.40310994e+04 7.15738370e+04
 3.67126308e-02 1.59583340e+04 7.67060842e+04
 3.96837629e-02 1.81902977e+04 8.18991282e+04
 4.28953470e-02 2.07992023e+04 8.72489359e+04
 4.63668427e-02 2.38582951e+04 9.28045009e+04
 5.01192846e-02 2.74256784e+04 9.86101502e+04
 5.41754095e-02 3.15484043e+04 1.04715211e+05
 5.85597942e-02 3.62764788e+04 1.11190324e+05
 6.32990047e-02 4.15812955e+04 1.17987798e+05
 6.84217567e-02 4.74202097e+04 1.25008892e+05
 7.39590901e-02 5.37396733e+04 1.32014314e+05
 7.99445567e-02 6.04951483e+04 1.38925066e+05
 8.64144237e-02 6.76678412e+04 1.45684223e+05
 9.34078933e-02 7.52654314e+04 1.52215648e+05
 1.00967340e-01 8.32967533e+04 1.58441594e+05
 1.09138569e-01 9.18601145e+04 1.64374796e+05
 1.17971091e-01 1.01004615e+05 1.70131411e+05
 1.27518423e-01 1.10781564e+05 1.75769625e+05
 1.37838416e-01 1.21231174e+05 1.81198555e+05
 1.48993599e-01 1.32342959e+05 1.86293583e+05
 1.61051566e-01 1.44024022e+05 1.90952697e+05
 1.74085376e-01 1.56132828e+05 1.95106609e+05
 1.88174006e-01 1.68491262e+05 1.98666316e+05
 2.03402820e-01 1.81090415e+05 2.01470239e+05
 2.19864093e-01 1.93890646e+05 2.03542770e+05
 2.37657567e-01 2.06836229e+05 2.04977998e+05
 2.56891058e-01 2.19896726e+05 2.05879993e+05
 2.77681103e-01 2.33128664e+05 2.06342919e+05
 3.00153675e-01 2.46663787e+05 2.06449415e+05
 3.24444939e-01 2.60427256e+05 2.06296945e+05
 3.50702081e-01 2.74191242e+05 2.05963579e+05
 3.79084199e-01 2.87773959e+05 2.05389660e+05
 4.09763265e-01 3.00996831e+05 2.04469395e+05
 4.42925170e-01 3.13657133e+05 2.03115074e+05
 4.78770850e-01 3.25490595e+05 2.01268669e+05
 5.17517499e-01 3.36176145e+05 1.98923801e+05
 5.59399892e-01 3.45894012e+05 1.96080047e+05
 6.04671804e-01 3.54870200e+05 1.92833688e+05
 6.53607545e-01 3.63323456e+05 1.89341629e+05
 7.06503628e-01 3.71495298e+05 1.85788635e+05
 7.63680560e-01 3.79669142e+05 1.82325121e+05
 8.25484788e-01 3.88083049e+05 1.79040633e+05
 8.92290797e-01 3.96933957e+05 1.75888702e+05
 9.64503378e-01 4.06088395e+05 1.72825051e+05
 1.04256008e+00 4.15387926e+05 1.69777919e+05
 1.12693387e+00 4.24647823e+05 1.66638367e+05
 1.21813598e+00 4.33655623e+05 1.63282400e+05
 1.31671902e+00 4.42169528e+05 1.59679782e+05
 1.42328033e+00 4.50148501e+05 1.55850747e+05
 1.53846559e+00 4.57598332e+05 1.51943675e+05
 1.66297273e+00 4.64521631e+05 1.48093454e+05
 1.79755615e+00 4.70926367e+05 1.44344629e+05
 1.94303134e+00 4.76825828e+05 1.40745317e+05
 2.10027975e+00 4.82238632e+05 1.37347536e+05
 2.27025418e+00 4.87188765e+05 1.34146287e+05
 2.45398454e+00 4.91555159e+05 1.31171821e+05
 2.65258410e+00 4.95369595e+05 1.28388296e+05
 2.86725621e+00 4.98791364e+05 1.25772663e+05
 3.09930160e+00 5.02030140e+05 1.23369115e+05
 3.35012630e+00 5.05335169e+05 1.21226614e+05
 3.62125009e+00 5.08997204e+05 1.19399260e+05
 3.91431578e+00 5.13350657e+05 1.17921024e+05
 4.23109910e+00 5.18775989e+05 1.16702478e+05
 4.57351952e+00 5.25448206e+05 1.15677045e+05
 4.94365182e+00 5.33218055e+05 1.14768875e+05
 5.34373872e+00 5.41855989e+05 1.13888029e+05
 5.77620442e+00 5.51083770e+05 1.12951118e+05
 6.24366932e+00 5.60572160e+05 1.11889490e+05
 6.74896588e+00 5.69938362e+05 1.10643898e+05
 7.29515581e+00 5.78743168e+05 1.09271401e+05
 7.88554857e+00 5.86710125e+05 1.07850439e+05
 8.52372148e+00 5.93885358e+05 1.06469753e+05
 9.21354136e+00 6.00294162e+05 1.05231604e+05
 9.95918796e+00 6.05973010e+05 1.04197163e+05
 1.07651793e+01 6.10969731e+05 1.03365735e+05
 1.16363991e+01 6.15312443e+05 1.02732641e+05
 1.25781262e+01 6.19081406e+05 1.02260996e+05
 1.35960667e+01 6.22236151e+05 1.01915696e+05
 1.46963885e+01 6.24726527e+05 1.01664001e+05
 1.58857588e+01 6.26697568e+05 1.01468489e+05
 1.71713841e+01 6.28321279e+05 1.01329727e+05
 1.85610543e+01 6.29795541e+05 1.01296435e+05
 2.00631898e+01 6.31383284e+05 1.01424401e+05
 2.16868922e+01 6.33316445e+05 1.01758884e+05
 2.34419999e+01 6.35832694e+05 1.02317107e+05
 2.53391475e+01 6.39029369e+05 1.03114880e+05
 2.73898301e+01 6.42854457e+05 1.04152058e+05
 2.96064733e+01 6.47247633e+05 1.05417235e+05
 3.20025081e+01 6.52238214e+05 1.06899351e+05
 3.45924527e+01 6.57632681e+05 1.08501414e+05
 3.73920000e+01 6.63463718e+05 1.10233131e+05
