 1.73055000e-02 5.68136898e+03 5.78168786e+04
 2.02145584e-02 9.58284825e+03 6.58002429e+04
 2.36126303e-02 1.41401671e+04 7.51256126e+04
 2.75819187e-02 1.94635722e+04 8.60185790e+04
 3.22184455e-02 2.59904792e+04 9.85033023e+04
 3.76343734e-02 3.40776060e+04 1.12562821e+05
 4.39607201e-02 4.41723430e+04 1.28159166e+05
 5.13505270e-02 5.67727692e+04 1.45163764e+05
 5.99825622e-02 7.22512117e+04 1.63389803e+05
 7.00656444e-02 9.09529554e+04 1.82507631e+05
 8.18436950e-02 1.12986030e+05 2.01860263e+05
 9.56016385e-02 1.38345416e+05 2.20996362e+05
 1.11672295e-01 1.66982797e+05 2.39324521e+05
 1.30444433e-01 1.98469095e+05 2.56312203e+05
 1.52372172e-01 2.32309128e+05 2.71368504e+05
 1.77985969e-01 2.68084406e+05 2.84041492e+05
 2.07905450e-01 3.05205694e+05 2.93889295e+05
 2.42854403e-01 3.43013454e+05 3.00769246e+05
 2.83678283e-01 3.80716326e+05 3.04654771e+05
 3.31364666e-01 4.17621019e+05 3.05546811e+05
 3.87067141e-01 4.53586511e+05 3.03411335e+05
 4.52133214e-01 4.88179187e+05 2.98608389e+05
 5.28136909e-01 5.21447935e+05 2.91480396e+05
 6.16916843e-01 5.53534115e+05 2.82559515e+05
 7.20620703e-01 5.84554243e+05 2.72485757e+05
 8.41757205e-01 6.14617359e+05 2.61679295e+05
 9.83256781e-01 6.43601389e+05 2.50711737e+05
 1.14854247e+00 6.70896397e+05 2.40251248e+05
 1.34161271e+00 6.96588128e+05 2.30385713e+05
 1.56713811e+00 7.20469576e+05 2.21126644e+05
 1.83057438e+00 7.42375204e+05 2.12434807e+05
 2.13829435e+00 7.62563053e+05 2.04204471e+05
 2.49774211e+00 7.81483100e+05 1.96247572e+05
 2.91761312e+00 7.99694210e+05 1.88335472e+05
 3.40806455e+00 8.17592267e+05 1.80248864e+05
 3.98096096e+00 8.34966443e+05 1.72150807e+05
 4.65016140e+00 8.50962807e+05 1.64223162e+05
 5.43185457e+00 8.65123700e+05 1.56689405e+05
 6.34495055e+00 8.77273584e+05 1.49821369e+05
 7.41153817e+00 8.87347308e+05 1.43651423e+05
 8.65741940e+00 8.95391222e+05 1.38128819e+05
 1.01127336e+01 9.01726181e+05 1.33147231e+05
 1.18126863e+01 9.06812743e+05 1.28602675e+05
 1.37984016e+01 9.11608307e+05 1.24365934e+05
 1.61179160e+01 9.16851403e+05 1.20279976e+05
 1.88273413e+01 9.22810666e+05 1.16146260e+05
 2.19922216e+01 9.29838367e+05 1.11990857e+05
 2.56891190e+01 9.38244720e+05 1.07819329e+05
 3.00074657e+01 9.48319793e+05 1.03652377e+05
 3.50517274e+01 9.60236599e+05 9.95000360e+04
 4.09439307e+01 9.73829129e+05 9.53916494e+04
 4.78266147e+01 9.88646423e+05 9.13189405e+04
 5.58662794e+01 1.00407538e+06 8.72705925e+04
 6.52574135e+01 1.01920209e+06 8.32937786e+04
 7.62271994e+01 1.03307391e+06 7.94993059e+04
 8.90410088e+01 1.04498367e+06 7.59247650e+04
 1.04008822e+02 1.05454807e+06 7.26292097e+04
 1.21492729e+02 1.06147618e+06 6.96047463e+04
 1.41915684e+02 1.06551766e+06 6.68378865e+04
 1.65771742e+02 1.06673687e+06 6.42996826e+04
 1.93638010e+02 1.06577824e+06 6.19454157e+04
 2.26188603e+02 1.06359764e+06 5.97342231e+04
 2.64210958e+02 1.06112872e+06 5.76929634e+04
 3.08624879e+02 1.05904966e+06 5.57629548e+04
 3.60504791e+02 1.05790593e+06 5.39103558e+04
 4.21105727e+02 1.05829830e+06 5.21396770e+04
 4.91893695e+02 1.06059994e+06 5.04434533e+04
 5.74581135e+02 1.06467105e+06 4.88028294e+04
 6.71168354e+02 1.07025082e+06 4.71920171e+04
 7.83991905e+02 1.07697941e+06 4.55843738e+04
 9.15781121e+02 1.08456988e+06 4.40252817e+04
 1.06972413e+03 1.09300676e+06 4.25841250e+04
 1.24954500e+03 1.10238073e+06 4.12636595e+04
 1.45959380e+03 1.11261110e+06 4.00683969e+04
 1.70495184e+03 1.12364156e+06 3.90032331e+04
 1.99155463e+03 1.13535599e+06 3.80682612e+04
 2.32633541e+03 1.14748799e+06 3.72372576e+04
 2.71739292e+03 1.15964904e+06 3.64673959e+04
 3.17418728e+03 1.17120645e+06 3.57134813e+04
 3.70776888e+03 1.18120352e+06 3.49882288e+04
 4.33104566e+03 1.18908835e+06 3.42981911e+04
 5.05909541e+03 1.19461015e+06 3.36477055e+04
 5.90953049e+03 1.19756967e+06 3.30474348e+04
 6.90292390e+03 1.19791001e+06 3.25292395e+04
 8.06330696e+03 1.19565553e+06 3.21233919e+04
 9.41875067e+03 1.19102415e+06 3.18437713e+04
 1.10020448e+04 1.18478293e+06 3.17022779e+04
 1.28514910e+04 1.17766698e+06 3.17171918e+04
 1.50118295e+04 1.17030938e+06 3.19043986e+04
 1.75353214e+04 1.16341608e+06 3.22587010e+04
 2.04830129e+04 1.15763540e+06 3.27689203e+04
 2.39262120e+04 1.15365612e+06 3.34314442e+04
 2.79482136e+04 1.15185508e+06 3.42565720e+04
 3.26463146e+04 1.15184639e+06 3.52710007e+04
 3.81341675e+04 1.15271998e+06 3.64925143e+04
 4.45445296e+04 1.15353802e+06 3.79436963e+04
 5.20324750e+04 1.15329966e+06 3.96667883e+04
 6.07791458e+04 1.15166453e+06 4.17168387e+04
 7.09961339e+04 1.14975453e+06 4.41115030e+04
 8.29306000e+04 1.14752346e+06 4.69087110e+04
