 2.43250000e-01 1.03074230e+04 3.46286765e+04
 2.87686724e-01 1.33457106e+04 3.67669039e+04
 3.40241115e-01 1.69390303e+04 3.92957412e+04
 4.02396102e-01 2.11887750e+04 4.22865445e+04
 4.75905514e-01 2.60748194e+04 4.55981506e+04
 5.62843570e-01 3.15617934e+04 4.90863182e+04
 6.65663403e-01 3.77480140e+04 5.25859117e+04
 7.87266284e-01 4.43704980e+04 5.59915789e+04
 9.31083487e-01 5.15882412e+04 5.93294118e+04
 1.10117311e+00 5.95667657e+04 6.26684199e+04
 1.30233457e+00 6.78655065e+04 6.60687560e+04
 1.54024405e+00 7.66665376e+04 6.95221202e+04
 1.82161466e+00 8.58500397e+04 7.29464912e+04
 2.15438583e+00 9.49718795e+04 7.66607438e+04
 2.54794739e+00 1.04392625e+05 8.07162634e+04
 3.01340447e+00 1.13808694e+05 8.49415329e+04
 3.56389090e+00 1.23036450e+05 8.91068145e+04
 4.21493976e+00 1.33129614e+05 9.31356420e+04
 4.98492173e+00 1.43652583e+05 9.72101767e+04
 5.89556343e+00 1.53840081e+05 1.01626627e+05
 6.97256045e+00 1.64407842e+05 1.05996261e+05
 8.24630246e+00 1.76308634e+05 1.10264417e+05
 9.75273069e+00 1.89342444e+05 1.14416545e+05
 1.15343521e+01 2.04396501e+05 1.18807711e+05
 1.36414387e+01 2.20011991e+05 1.23443031e+05
 1.61334463e+01 2.36443375e+05 1.28050795e+05
 1.90806919e+01 2.55041643e+05 1.32341479e+05
 2.25663381e+01 2.74867341e+05 1.36725092e+05
 2.66887396e+01 2.92402004e+05 1.41103911e+05
 3.15642181e+01 3.10126127e+05 1.45644615e+05
 3.73303453e+01 3.25649318e+05 1.50153409e+05
 4.41498243e+01 3.40406930e+05 1.54844246e+05
 5.22150804e+01 3.56314514e+05 1.59970284e+05
 6.17536914e+01 3.71986837e+05 1.65538309e+05
 7.30348086e+01 3.89380618e+05 1.70916585e+05
 8.63767516e+01 4.11802841e+05 1.76272238e+05
 1.02155991e+02 4.34739202e+05 1.81587341e+05
 1.20817769e+02 4.61535505e+05 1.86803300e+05
 1.42888666e+02 4.89322084e+05 1.91582057e+05
 1.68991459e+02 5.16187658e+05 1.95630058e+05
 1.99862689e+02 5.43825760e+05 1.99083473e+05
 2.36373453e+02 5.68330796e+05 2.02250697e+05
 2.79553974e+02 5.92864836e+05 2.05183410e+05
 3.30622681e+02 6.18733593e+05 2.07947144e+05
 3.91020579e+02 6.41407889e+05 2.10369911e+05
 4.62451920e+02 6.65245621e+05 2.12044561e+05
 5.46932283e+02 6.87586356e+05 2.13010970e+05
 6.46845455e+02 7.10659281e+05 2.12944792e+05
 7.65010688e+02 7.37182765e+05 2.12153733e+05
 9.04762255e+02 7.59527428e+05 2.10321793e+05
 1.07004353e+03 7.80420258e+05 2.06827865e+05
 1.26551827e+03 8.02536675e+05 2.02121463e+05
 1.49670218e+03 8.26011809e+05 1.97260745e+05
 1.77011859e+03 8.52338536e+05 1.91825377e+05
 2.09348250e+03 8.77288944e+05 1.86381075e+05
 2.47591828e+03 8.99398346e+05 1.81167593e+05
 2.92821714e+03 9.23142394e+05 1.75960359e+05
 3.46314161e+03 9.47516564e+05 1.71905638e+05
 4.09578567e+03 9.71876624e+05 1.67762486e+05
 4.84400066e+03 9.91470636e+05 1.63248361e+05
 5.72889900e+03 1.00755091e+06 1.59635384e+05
 6.77544989e+03 1.01951520e+06 1.56170332e+05
 8.01318390e+03 1.03069773e+06 1.51471297e+05
 9.47702621e+03 1.04072299e+06 1.48262036e+05
 1.12082821e+04 1.04573959e+06 1.45205106e+05
 1.32558025e+04 1.05152955e+06 1.43821527e+05
 1.56773624e+04 1.05963932e+06 1.44595047e+05
 1.85412910e+04 1.06793959e+06 1.45458151e+05
 2.19283998e+04 1.07984088e+06 1.47437169e+05
 2.59342632e+04 1.09321417e+06 1.52645446e+05
 3.06719145e+04 1.10600374e+06 1.55712468e+05
 3.62750364e+04 1.12283891e+06 1.60720235e+05
 4.29017324e+04 1.13622321e+06 1.66631193e+05
 5.07389881e+04 1.14914134e+06 1.72071765e+05
 6.00079476e+04 1.16513248e+06 1.82817984e+05
 7.09701536e+04 1.17943553e+06 1.96050912e+05
 8.39349270e+04 1.19727558e+06 2.11742463e+05
 9.92680953e+04 1.21857707e+06 2.36319365e+05
 1.17402315e+05 1.24180963e+06 2.64735973e+05
 1.38849280e+05 1.27173790e+06 3.03475248e+05
 1.64214161e+05 1.30333472e+06 3.53588620e+05
 1.94212678e+05 1.33651520e+06 4.09824616e+05
 2.29691302e+05 1.37529690e+06 4.83419280e+05
 2.71651133e+05 1.41454393e+06 5.72629873e+05
 3.21276154e+05 1.45506963e+06 6.75022543e+05
 3.79966637e+05 1.49932919e+06 7.94953599e+05
 4.49378652e+05 1.54557813e+06 9.28118903e+05
 5.31470800e+05 1.60029144e+06 1.07859256e+06
 6.28559480e+05 1.66692845e+06 1.25169394e+06
 7.43384245e+05 1.74296117e+06 1.44244277e+06
 8.79185111e+05 1.82988365e+06 1.65998484e+06
 1.03979397e+06 1.92958115e+06 1.91393494e+06
 1.22974274e+06 2.03235148e+06 2.21186523e+06
 1.45439121e+06 2.13970998e+06 2.56465355e+06
 1.72007828e+06 2.24302971e+06 2.98597851e+06
 2.03430087e+06 2.33561983e+06 3.49009035e+06
 2.40592539e+06 2.41982315e+06 4.09262495e+06
 2.84543801e+06 2.49381268e+06 4.81228535e+06
 3.36524045e+06 2.58131857e+06 5.66341276e+06
 3.98000000e+06 2.68480997e+06 6.67002347e+06
