 5.09450000e-01 1.48024299e+03 1.39428970e+04
 5.99509589e-01 2.57677053e+03 1.58314252e+04
 7.05489738e-01 3.86714009e+03 1.80538038e+04
 8.30204853e-01 5.38561870e+03 2.06690503e+04
 9.76966867e-01 7.20824199e+03 2.36940901e+04
 1.14967319e+00 9.39559865e+03 2.71440949e+04
 1.35291019e+00 1.19959259e+04 3.09316937e+04
 1.59207505e+00 1.50865994e+04 3.50248388e+04
 1.87351901e+00 1.85632193e+04 3.92279579e+04
 2.20471609e+00 2.26490585e+04 4.34617775e+04
 2.59446154e+00 2.71973170e+04 4.78716312e+04
 3.05310545e+00 3.21141432e+04 5.21304236e+04
 3.59282755e+00 3.76260302e+04 5.61730808e+04
 4.22796068e+00 4.37203060e+04 6.01409199e+04
 4.97537141e+00 5.01928555e+04 6.40218964e+04
 5.85490798e+00 5.73728174e+04 6.80374031e+04
 6.88992732e+00 6.47172639e+04 7.20336112e+04
 8.10791539e+00 7.24652292e+04 7.59072098e+04
 9.54121703e+00 8.10946961e+04 7.98814784e+04
 1.12278950e+01 8.97142149e+04 8.40487527e+04
 1.32127406e+01 9.84184851e+04 8.83393810e+04
 1.55484634e+01 1.08148942e+05 9.25969653e+04
 1.82970908e+01 1.18327641e+05 9.67320446e+04
 2.15316152e+01 1.29421490e+05 1.01092099e+05
 2.53379327e+01 1.41703058e+05 1.05591764e+05
 2.98171235e+01 1.53923785e+05 1.10103370e+05
 3.50881372e+01 1.67729172e+05 1.14773196e+05
 4.12909504e+01 1.83143346e+05 1.19552300e+05
 4.85902850e+01 1.97831047e+05 1.24783611e+05
 5.71799819e+01 2.13349401e+05 1.30250679e+05
 6.72881488e+01 2.29869641e+05 1.35342127e+05
 7.91832180e+01 2.45669296e+05 1.40390087e+05
 9.31810746e+01 2.62599028e+05 1.45436216e+05
 1.09653445e+02 2.79260894e+05 1.49856008e+05
 1.29037770e+02 2.94967630e+05 1.53815935e+05
 1.51848818e+02 3.12864115e+05 1.56972589e+05
 1.78692359e+02 3.31502712e+05 1.59874427e+05
 2.10281250e+02 3.50195182e+05 1.62950781e+05
 2.47454364e+02 3.71389083e+05 1.65527510e+05
 2.91198869e+02 3.94938019e+05 1.67791344e+05
 3.42676444e+02 4.20102575e+05 1.70072215e+05
 4.03254125e+02 4.48226103e+05 1.72169758e+05
 4.74540612e+02 4.77432376e+05 1.74577287e+05
 5.58428986e+02 5.05659789e+05 1.76947707e+05
 6.57146986e+02 5.34815443e+05 1.78853057e+05
 7.73316163e+02 5.64228004e+05 1.80660567e+05
 9.10021503e+02 5.90488846e+05 1.82202842e+05
 1.07089335e+03 6.15121207e+05 1.83755663e+05
 1.26020381e+03 6.37885332e+05 1.84596555e+05
 1.48298021e+03 6.57083325e+05 1.83923668e+05
 1.74513859e+03 6.76256261e+05 1.81664998e+05
 2.05364083e+03 6.93280824e+05 1.78998033e+05
 2.41667950e+03 7.06262721e+05 1.75757068e+05
 2.84389544e+03 7.19200772e+05 1.71856566e+05
 3.34663379e+03 7.32621525e+05 1.67286388e+05
 3.93824526e+03 7.44660493e+05 1.63095610e+05
 4.63444066e+03 7.59803712e+05 1.59784910e+05
 5.45370814e+03 7.75846922e+05 1.57342985e+05
 6.41780415e+03 7.92382983e+05 1.55212071e+05
 7.55233120e+03 8.12677229e+05 1.54315384e+05
 8.88741775e+03 8.33537676e+05 1.53958550e+05
 1.04585183e+04 8.53253893e+05 1.54625583e+05
 1.23073550e+04 8.74517184e+05 1.56834542e+05
 1.44830255e+04 8.92020034e+05 1.59539291e+05
 1.70433068e+04 9.07814457e+05 1.64435416e+05
 2.00561898e+04 9.23752345e+05 1.71164726e+05
 2.36016843e+04 9.35669115e+05 1.78211900e+05
 2.77739446e+04 9.47532201e+05 1.89008532e+05
 3.26837689e+04 9.61190708e+05 2.01736626e+05
 3.84615426e+04 9.71166572e+05 2.15179443e+05
 4.52606999e+04 9.82585934e+05 2.33252670e+05
 5.32617992e+04 9.95599170e+05 2.51047426e+05
 6.26773173e+04 1.00587789e+06 2.70948701e+05
 7.37572926e+04 1.01884829e+06 2.97297406e+05
 8.67959646e+04 1.03249756e+06 3.23552002e+05
 1.02139588e+05 1.04717166e+06 3.55974424e+05
 1.20195627e+05 1.06821469e+06 3.96614807e+05
 1.41443579e+05 1.09328146e+06 4.36867321e+05
 1.66447702e+05 1.12246398e+06 4.90542602e+05
 1.95872005e+05 1.16012751e+06 5.51264924e+05
 2.30497881e+05 1.19971533e+06 6.10336241e+05
 2.71244852e+05 1.24467741e+06 6.84131264e+05
 3.19194994e+05 1.29160663e+06 7.58004255e+05
 3.75621669e+05 1.33768957e+06 8.32898535e+05
 4.42023344e+05 1.38797785e+06 9.31997958e+05
 5.20163378e+05 1.44035635e+06 1.04255523e+06
 6.12116857e+05 1.49491305e+06 1.17953212e+06
 7.20325695e+05 1.56158158e+06 1.35852257e+06
 8.47663482e+05 1.63495157e+06 1.56246874e+06
 9.97511798e+05 1.72235287e+06 1.82680362e+06
 1.17385001e+06 1.82727201e+06 2.15396039e+06
 1.38136095e+06 1.94076239e+06 2.51784951e+06
 1.62555528e+06 2.06172221e+06 2.92823761e+06
 1.91291781e+06 2.18609831e+06 3.38677879e+06
 2.25107973e+06 2.30337779e+06 3.89901053e+06
 2.64902126e+06 2.41540401e+06 4.48725216e+06
 3.11731013e+06 2.51852377e+06 5.14319772e+06
 3.66838220e+06 2.60658258e+06 5.88763184e+06
 4.31687174e+06 2.71020827e+06 6.76366558e+06
 5.08000000e+06 2.83215270e+06 7.79456288e+06
