 1.96290000e-01 1.49467886e+03 1.33951073e+04
 2.33097187e-01 2.69363979e+03 1.53467039e+04
 2.76806249e-01 4.11742307e+03 1.76642529e+04
 3.28711386e-01 5.80818612e+03 2.04163754e+04
 3.90349480e-01 7.86266575e+03 2.36053391e+04
 4.63545600e-01 1.02911987e+04 2.72091162e+04
 5.50467041e-01 1.32492962e+04 3.12541142e+04
 6.53687497e-01 1.67472640e+04 3.56809478e+04
 7.76263267e-01 2.06730327e+04 4.01933589e+04
 9.21823750e-01 2.53675115e+04 4.49291488e+04
 1.09467891e+00 3.07620048e+04 4.97942142e+04
 1.29994689e+00 3.66109934e+04 5.45397021e+04
 1.54370555e+00 4.33765313e+04 5.93207897e+04
 1.83317246e+00 5.05334160e+04 6.39472271e+04
 2.17691856e+00 5.82840376e+04 6.84341293e+04
 2.58512197e+00 6.68445855e+04 7.30971203e+04
 3.06986938e+00 7.58210224e+04 7.76249413e+04
 3.64551386e+00 8.56268263e+04 8.20908993e+04
 4.32909994e+00 9.64461071e+04 8.66634235e+04
 5.14086819e+00 1.07646232e+05 9.10848819e+04
 6.10485463e+00 1.20168263e+05 9.55235976e+04
 7.24960233e+00 1.33642742e+05 9.99482816e+04
 8.60900662e+00 1.47885005e+05 1.04206381e+05
 1.02233187e+01 1.62148450e+05 1.08500431e+05
 1.21403374e+01 1.76268391e+05 1.12742429e+05
 1.44168246e+01 1.90556850e+05 1.17078477e+05
 1.71201857e+01 2.04780181e+05 1.21581441e+05
 2.03304658e+01 2.18995966e+05 1.26190491e+05
 2.41427194e+01 2.33345512e+05 1.30999194e+05
 2.86698252e+01 2.47901030e+05 1.35955778e+05
 3.40458282e+01 2.64325033e+05 1.40795638e+05
 4.04299087e+01 2.81936045e+05 1.45773014e+05
 4.80110957e+01 2.99654718e+05 1.50563544e+05
 5.70138640e+01 3.18947864e+05 1.55199260e+05
 6.77047803e+01 3.37881309e+05 1.59759850e+05
 8.04003965e+01 3.56999886e+05 1.64127135e+05
 9.54766227e+01 3.75920350e+05 1.68414798e+05
 1.13379857e+02 3.94091312e+05 1.73012686e+05
 1.34640205e+02 4.12717847e+05 1.77460229e+05
 1.59887172e+02 4.33113625e+05 1.81965225e+05
 1.89868307e+02 4.53458311e+05 1.86205052e+05
 2.25471335e+02 4.75741809e+05 1.90031001e+05
 2.67750440e+02 4.99574643e+05 1.93538486e+05
 3.17957484e+02 5.25350111e+05 1.96539062e+05
 3.77579067e+02 5.52281292e+05 1.98979289e+05
 4.48380551e+02 5.79257352e+05 2.00990303e+05
 5.32458328e+02 6.06308509e+05 2.02409257e+05
 6.32301893e+02 6.33744877e+05 2.03586090e+05
 7.50867556e+02 6.60945930e+05 2.04288573e+05
 8.91665979e+02 6.87712255e+05 2.04111874e+05
 1.05886612e+03 7.13968804e+05 2.03260264e+05
 1.25741869e+03 7.40378653e+05 2.01205138e+05
 1.49320271e+03 7.66530330e+05 1.98018121e+05
 1.77319961e+03 7.91385895e+05 1.93874447e+05
 2.10569994e+03 8.15715898e+05 1.88474702e+05
 2.50054885e+03 8.39036222e+05 1.82321247e+05
 2.96943758e+03 8.60858650e+05 1.76253696e+05
 3.52624966e+03 8.81907199e+05 1.69983006e+05
 4.18747199e+03 9.01669609e+05 1.64139292e+05
 4.97268298e+03 9.20207365e+05 1.59061043e+05
 5.90513228e+03 9.37965657e+05 1.54688379e+05
 7.01242918e+03 9.54672032e+05 1.51628785e+05
 8.32736011e+03 9.70929924e+05 1.49734524e+05
 9.88885942e+03 9.87764051e+05 1.48607430e+05
 1.17431622e+04 1.00448830e+06 1.48079762e+05
 1.39451734e+04 1.02032531e+06 1.47995772e+05
 1.65600932e+04 1.03540459e+06 1.47887183e+05
 1.96653479e+04 1.05058248e+06 1.47968106e+05
 2.33528823e+04 1.06540048e+06 1.47964477e+05
 2.77318823e+04 1.07903427e+06 1.48620935e+05
 3.29320075e+04 1.09156845e+06 1.49667815e+05
 3.91072307e+04 1.10417763e+06 1.53543770e+05
 4.64403968e+04 1.12073079e+06 1.60370864e+05
 5.51486365e+04 1.14107927e+06 1.70506834e+05
 6.54897959e+04 1.16391302e+06 1.83788090e+05
 7.77700708e+04 1.18939437e+06 2.02345338e+05
 9.23530732e+04 1.21807942e+06 2.25724963e+05
 1.09670597e+05 1.24981546e+06 2.55472734e+05
 1.30235406e+05 1.28156580e+06 2.87716842e+05
 1.54656410e+05 1.30987624e+06 3.24442493e+05
 1.83656702e+05 1.33600667e+06 3.66192482e+05
 2.18094965e+05 1.35954529e+06 4.15214791e+05
 2.58990896e+05 1.38559797e+06 4.67815688e+05
 3.07555399e+05 1.41289877e+06 5.22079332e+05
 3.65226442e+05 1.44035978e+06 5.79159881e+05
 4.33711632e+05 1.47508724e+06 6.45425497e+05
 5.15038777e+05 1.51536051e+06 7.16935758e+05
 6.11615926e+05 1.55992085e+06 8.00657773e+05
 7.26302674e+05 1.61483313e+06 8.96966624e+05
 8.62494830e+05 1.67379841e+06 1.00815366e+06
 1.02422497e+06 1.74159488e+06 1.14727929e+06
 1.21628182e+06 1.81907911e+06 1.31161593e+06
 1.44435209e+06 1.89926869e+06 1.50413464e+06
 1.71518879e+06 1.99294030e+06 1.73810269e+06
 2.03681127e+06 2.09876712e+06 2.00439430e+06
 2.41874256e+06 2.21260328e+06 2.30843595e+06
 2.87229144e+06 2.34003052e+06 2.66121319e+06
 3.41088723e+06 2.48163449e+06 3.06436763e+06
 4.05047745e+06 2.64979123e+06 3.54311931e+06
 4.81000000e+06 2.84947977e+06 4.11164378e+06
