 5.14780000e-01 8.05879883e+03 2.60471202e+04
 6.08495363e-01 9.97021429e+03 2.80170513e+04
 7.19271546e-01 1.22296017e+04 3.03456072e+04
 8.50214460e-01 1.49003091e+04 3.30980751e+04
 1.00499545e+00 1.79629398e+04 3.62226769e+04
 1.18795421e+00 2.14630695e+04 3.96657350e+04
 1.40422050e+00 2.54287351e+04 4.34155987e+04
 1.65985792e+00 2.98749676e+04 4.74125372e+04
 1.96203397e+00 3.47664548e+04 5.19616087e+04
 2.31922098e+00 4.01753626e+04 5.70263505e+04
 2.74143364e+00 4.61034313e+04 6.25525375e+04
 3.24050984e+00 5.25550471e+04 6.83336582e+04
 3.83044254e+00 5.94899887e+04 7.42124440e+04
 4.52777210e+00 6.68910520e+04 8.01027255e+04
 5.35205005e+00 7.47796432e+04 8.59388050e+04
 6.32638727e+00 8.31864554e+04 9.04570919e+04
 7.47810194e+00 9.18125082e+04 9.37052360e+04
 8.83948551e+00 1.00739910e+05 9.58259270e+04
 1.04487081e+01 1.10062256e+05 9.75060533e+04
 1.23508885e+01 1.19848079e+05 9.91384954e+04
 1.45993597e+01 1.30094494e+05 1.00618570e+05
 1.72571636e+01 1.40657915e+05 1.02120661e+05
 2.03988190e+01 1.51432745e+05 1.04879402e+05
 2.41124107e+01 1.62744316e+05 1.08709315e+05
 2.85020593e+01 1.74523402e+05 1.13740852e+05
 3.36908405e+01 1.86699141e+05 1.19206143e+05
 3.98242360e+01 1.99160953e+05 1.24555678e+05
 4.70742121e+01 2.11937601e+05 1.29911526e+05
 5.56440417e+01 2.25246729e+05 1.35628663e+05
 6.57740031e+01 2.39248859e+05 1.41221252e+05
 7.77481174e+01 2.53958643e+05 1.46738619e+05
 9.19021114e+01 2.69322810e+05 1.51689226e+05
 1.08632831e+02 2.85228658e+05 1.56424164e+05
 1.28409367e+02 3.01741066e+05 1.61490999e+05
 1.51786208e+02 3.19086301e+05 1.67124478e+05
 1.79418788e+02 3.37210670e+05 1.71368495e+05
 2.12081861e+02 3.55843993e+05 1.75634292e+05
 2.50691225e+02 3.75680856e+05 1.79798546e+05
 2.96329399e+02 3.95989799e+05 1.83967385e+05
 3.50275972e+02 4.16857919e+05 1.87730378e+05
 4.14043484e+02 4.39092500e+05 1.90884485e+05
 4.89419829e+02 4.61494697e+05 1.93462872e+05
 5.78518389e+02 4.83924498e+05 1.97207221e+05
 6.83837284e+02 5.07316571e+05 1.99900080e+05
 8.08329415e+02 5.28435857e+05 2.01967188e+05
 9.55485256e+02 5.50833355e+05 2.02900262e+05
 1.12943072e+03 5.73795258e+05 2.02940537e+05
 1.33504285e+03 5.94722479e+05 2.02005460e+05
 1.57808653e+03 6.16094435e+05 1.99808934e+05
 1.86537615e+03 6.37300784e+05 1.96601580e+05
 2.20496665e+03 6.57331054e+05 1.93617634e+05
 2.60637939e+03 6.80161658e+05 1.89479346e+05
 3.08086906e+03 7.00162877e+05 1.85207892e+05
 3.64173926e+03 7.19666748e+05 1.80884410e+05
 4.30471551e+03 7.40379228e+05 1.76353585e+05
 5.08838615e+03 7.58785841e+05 1.72494961e+05
 6.01472353e+03 7.77450581e+05 1.68599948e+05
 7.10970001e+03 7.95224611e+05 1.64464915e+05
 8.40401625e+03 8.10899603e+05 1.61440012e+05
 9.93396192e+03 8.28008192e+05 1.58867993e+05
 1.17424332e+04 8.43772197e+05 1.56502978e+05
 1.38801355e+04 8.58668092e+05 1.54645301e+05
 1.64070051e+04 8.75337725e+05 1.50864673e+05
 1.93938896e+04 8.90681121e+05 1.47225939e+05
 2.29245346e+04 9.06450624e+05 1.43334553e+05
 2.70979311e+04 9.21150540e+05 1.39887832e+05
 3.20310917e+04 9.33852892e+05 1.37355222e+05
 3.78623311e+04 9.46391579e+05 1.35628490e+05
 4.47551437e+04 9.58132572e+05 1.35225110e+05
 5.29027884e+04 9.68433773e+05 1.38721332e+05
 6.25337064e+04 9.78399547e+05 1.43387095e+05
 7.39179268e+04 9.88715219e+05 1.50679943e+05
 8.73746370e+04 1.00136612e+06 1.60029449e+05
 1.03281133e+05 1.01457909e+06 1.69930022e+05
 1.22083395e+05 1.02764345e+06 1.82723610e+05
 1.44308598e+05 1.04149834e+06 1.97126449e+05
 1.70579884e+05 1.05503048e+06 2.11775480e+05
 2.01633840e+05 1.06792210e+06 2.30397678e+05
 2.38341149e+05 1.07929943e+06 2.50644611e+05
 2.81730999e+05 1.08886640e+06 2.70377843e+05
 3.33019943e+05 1.09987643e+06 2.96102924e+05
 3.93646006e+05 1.11204831e+06 3.25114663e+05
 4.65309004e+05 1.12679732e+06 3.60724432e+05
 5.50018204e+05 1.14790187e+06 4.07558285e+05
 6.50148659e+05 1.17501489e+06 4.60436853e+05
 7.68507798e+05 1.21001399e+06 5.25782202e+05
 9.08414140e+05 1.25427720e+06 6.11661801e+05
 1.07379034e+06 1.30479401e+06 7.05775331e+05
 1.26927317e+06 1.36231012e+06 8.11668871e+05
 1.50034352e+06 1.42657780e+06 9.28538534e+05
 1.77348008e+06 1.49589187e+06 1.05389568e+06
 2.09634097e+06 1.57260892e+06 1.19327642e+06
 2.47797847e+06 1.65590100e+06 1.34345273e+06
 2.92909283e+06 1.74761418e+06 1.50168021e+06
 3.46233227e+06 1.85293073e+06 1.68169119e+06
 4.09264759e+06 1.97468305e+06 1.88749097e+06
 4.83771141e+06 2.11629748e+06 2.12422139e+06
 5.71841362e+06 2.28107559e+06 2.39791947e+06
 6.75944708e+06 2.47585144e+06 2.72144409e+06
 7.99000000e+06 2.70608611e+06 3.10386617e+06
