2.238721e-02	6.760830e+01
2.570396e-02	9.332543e+01
3.388442e-02	1.513561e+02
3.981072e-02	2.137962e+02
5.248075e-02	3.467369e+02
6.760830e-02	5.888437e+02
8.709636e-02	9.120108e+02
1.202264e-01	1.621810e+03
1.479108e-01	2.511886e+03
1.995262e-01	4.265795e+03
2.570396e-01	7.079458e+03
3.388442e-01	1.202264e+04
4.570882e-01	2.089296e+04
6.025596e-01	3.388442e+04
8.317638e-01	6.165950e+04
1.096478e+00	9.120108e+04
1.479108e+00	1.412538e+05
1.905461e+00	1.905461e+05
2.454709e+00	2.691535e+05
3.548134e+00	3.548134e+05
5.128614e+00	4.677351e+05
7.413102e+00	5.495409e+05
1.122018e+01	6.456542e+05
1.737801e+01	7.079458e+05
2.884032e+01	7.943282e+05
4.677351e+01	8.511380e+05
7.762471e+01	9.120108e+05
1.174898e+02	9.549926e+05
1.778279e+02	9.772372e+05
2.137962e+02	1.000000e+06
