3.240112e-04	1.037624e+02
4.781674e-04	1.501309e+02
1.067014e-03	3.301566e+02
1.912890e-03	5.962110e+02
4.065837e-03	1.248131e+03
8.033966e-03	2.426778e+03
1.666595e-02	5.080191e+03
3.629610e-02	1.090009e+04
6.350677e-02	1.873829e+04
1.254851e-01	3.734135e+04
2.603113e-01	7.817178e+04
5.270247e-01	1.446872e+05
7.969086e-01	2.093438e+05
1.394331e+00	2.813196e+05
2.624303e+00	3.261144e+05
4.704733e+00	3.425784e+05
8.854887e+00	3.104417e+05
1.549316e+01	2.677996e+05
2.400380e+01	2.426778e+05
3.718947e+01	2.042490e+05
6.197978e+01	1.850887e+05
1.032952e+02	1.596651e+05
1.561924e+02	1.482928e+05
