 1.46900000e-02 1.92872678e+03 4.76277768e+04
 1.62520925e-02 2.72059442e+03 5.21224809e+04
 1.79802935e-02 3.59666699e+03 5.70951390e+04
 1.98922664e-02 4.56589861e+03 6.25965753e+04
 2.20075531e-02 5.69050424e+03 6.86689243e+04
 2.43477733e-02 7.02006704e+03 7.53638695e+04
 2.69368457e-02 8.61037017e+03 8.27281008e+04
 2.98012328e-02 1.05218800e+04 9.08230699e+04
 3.29702105e-02 1.28271974e+04 9.97525592e+04
 3.64761683e-02 1.56172038e+04 1.09594017e+05
 4.03549396e-02 1.89911634e+04 1.20353409e+05
 4.46461683e-02 2.30506290e+04 1.32057326e+05
 4.93937140e-02 2.79291931e+04 1.44725608e+05
 5.46461001e-02 3.37560006e+04 1.58421625e+05
 6.04570099e-02 4.06628140e+04 1.73198769e+05
 6.68858352e-02 4.87507702e+04 1.88988704e+05
 7.39982833e-02 5.80936842e+04 2.05725484e+05
 8.18670489e-02 6.87533150e+04 2.23421450e+05
 9.05725564e-02 8.09482336e+04 2.42006947e+05
 1.00203783e-01 9.49129151e+04 2.61263885e+05
 1.10859166e-01 1.10791376e+05 2.80887377e+05
 1.22647612e-01 1.28767868e+05 3.00502678e+05
 1.35689608e-01 1.49105019e+05 3.19930211e+05
 1.50118452e-01 1.72180607e+05 3.38929660e+05
 1.66081619e-01 1.98357788e+05 3.57173827e+05
 1.83742262e-01 2.27456145e+05 3.74360271e+05
 2.03280889e-01 2.59200611e+05 3.90397283e+05
 2.24897196e-01 2.93632190e+05 4.05179962e+05
 2.48812120e-01 3.30639188e+05 4.18600376e+05
 2.75270088e-01 3.69960672e+05 4.30358878e+05
 3.04541521e-01 4.10899128e+05 4.40411744e+05
 3.36925594e-01 4.52665757e+05 4.48806235e+05
 3.72753297e-01 4.94999525e+05 4.55572310e+05
 4.12390815e-01 5.37540014e+05 4.60804544e+05
 4.56243274e-01 5.79566465e+05 4.64622950e+05
 5.04758877e-01 6.20639739e+05 4.67191689e+05
 5.58433490e-01 6.60138610e+05 4.68720900e+05
 6.17815708e-01 6.97978805e+05 4.69272957e+05
 6.83512462e-01 7.34358569e+05 4.68958503e+05
 7.56195220e-01 7.69292188e+05 4.67924047e+05
 8.36606854e-01 8.02955802e+05 4.66162315e+05
 9.25569231e-01 8.35589589e+05 4.63784712e+05
 1.02399161e+00 8.67185433e+05 4.60942034e+05
 1.13287995e+00 8.98383950e+05 4.57822517e+05
 1.25334716e+00 9.29473543e+05 4.54530968e+05
 1.38662450e+00 9.60386012e+05 4.51081778e+05
 1.53407418e+00 9.91046574e+05 4.47473452e+05
 1.69720324e+00 1.02155287e+06 4.43691688e+05
 1.87767897e+00 1.05206997e+06 4.39661676e+05
 2.07734598e+00 1.08275487e+06 4.35383131e+05
 2.29824500e+00 1.11305152e+06 4.30864708e+05
 2.54263379e+00 1.14287750e+06 4.26169565e+05
 2.81301019e+00 1.17250916e+06 4.21420058e+05
 3.11213763e+00 1.20228586e+06 4.16797890e+05
 3.44307344e+00 1.23216495e+06 4.12518428e+05
 3.80920001e+00 1.26200280e+06 4.08746156e+05
 4.21425943e+00 1.29163564e+06 4.05412982e+05
 4.66239171e+00 1.32149950e+06 4.02422769e+05
 5.15817709e+00 1.35162331e+06 3.99648893e+05
 5.70668287e+00 1.38177494e+06 3.97005860e+05
 6.31351518e+00 1.41163385e+06 3.94459289e+05
 6.98487631e+00 1.44104424e+06 3.91976293e+05
 7.72762805e+00 1.46989342e+06 3.89586553e+05
 8.54936189e+00 1.49810029e+06 3.87462905e+05
 9.45847655e+00 1.52538147e+06 3.85797663e+05
 1.04642639e+01 1.55142050e+06 3.84812586e+05
 1.15770037e+01 1.57598563e+06 3.84656490e+05
 1.28080691e+01 1.59916034e+06 3.85256282e+05
 1.41700425e+01 1.62108531e+06 3.86497181e+05
 1.56768443e+01 1.64196090e+06 3.88228267e+05
 1.73438750e+01 1.66233717e+06 3.90322223e+05
 1.91881730e+01 1.68277541e+06 3.92647770e+05
 2.12285884e+01 1.70396660e+06 3.95057832e+05
 2.34859757e+01 1.72655808e+06 3.97430292e+05
 2.59834071e+01 1.75075548e+06 3.99813741e+05
 2.87464082e+01 1.77643316e+06 4.02296599e+05
 3.18032189e+01 1.80338826e+06 4.04988074e+05
 3.51850821e+01 1.83118561e+06 4.08028059e+05
 3.89265630e+01 1.85929060e+06 4.11565308e+05
 4.30659022e+01 1.88719965e+06 4.15744619e+05
 4.76454069e+01 1.91443045e+06 4.20673422e+05
 5.27118830e+01 1.94066326e+06 4.26397199e+05
 5.83171137e+01 1.96629508e+06 4.32938805e+05
 6.45183886e+01 1.99182692e+06 4.40310797e+05
 7.13790893e+01 2.01780162e+06 4.48459446e+05
 7.89693372e+01 2.04471788e+06 4.57311422e+05
 8.73667104e+01 2.07283015e+06 4.66803989e+05
 9.66570362e+01 2.10242876e+06 4.76932439e+05
 1.06935269e+02 2.13345015e+06 4.87800991e+05
 1.18306459e+02 2.16548931e+06 4.99540773e+05
 1.30886829e+02 2.19803307e+06 5.12312639e+05
 1.44804960e+02 2.23047583e+06 5.26338658e+05
 1.60203104e+02 2.26226129e+06 5.41863099e+05
 1.77238644e+02 2.29300525e+06 5.59171463e+05
 1.96085693e+02 2.32186622e+06 5.78526098e+05
 2.16936884e+02 2.34943803e+06 6.00125001e+05
 2.40005332e+02 2.37633342e+06 6.24173699e+05
 2.65526811e+02 2.40325193e+06 6.50921193e+05
 2.93762172e+02 2.43303288e+06 6.80512940e+05
 3.25000000e+02 2.46598066e+06 7.13251388e+05
