 3.77314636e-04 6.83676199e+02 5.05733679e+04
 4.51936693e-04 3.79103147e+03 6.11395092e+04
 5.41316861e-04 7.65490126e+03 7.37482739e+04
 6.48373873e-04 1.25493334e+04 8.86250940e+04
 7.76603704e-04 1.87834317e+04 1.05990537e+05
 9.30193733e-04 2.67879538e+04 1.26110370e+05
 1.11415948e-03 3.70061168e+04 1.49241710e+05
 1.33450840e-03 5.00379699e+04 1.75348353e+05
 1.59843604e-03 6.66201556e+04 2.04121357e+05
 1.91456103e-03 8.76483579e+04 2.35148617e+05
 2.29320651e-03 1.14087223e+05 2.67765267e+05
 2.74673725e-03 1.46808902e+05 3.01117192e+05
 3.28996342e-03 1.86483128e+05 3.33920935e+05
 3.94062421e-03 2.33567187e+05 3.64755555e+05
 4.71996711e-03 2.87965289e+05 3.92417724e+05
 5.65344178e-03 3.49183824e+05 4.16184708e+05
 6.77153107e-03 4.16070708e+05 4.35410806e+05
 8.11074649e-03 4.87081419e+05 4.49967305e+05
 9.71482045e-03 5.60916642e+05 4.59977572e+05
 1.16361344e-02 6.35714498e+05 4.66026522e+05
 1.39374294e-02 7.10117369e+05 4.68861939e+05
 1.66938548e-02 7.83059995e+05 4.69221457e+05
 1.99954225e-02 8.53286814e+05 4.67450590e+05
 2.39499459e-02 9.20369811e+05 4.63909391e+05
 2.86865610e-02 9.83997255e+05 4.58697119e+05
 3.43599433e-02 1.04311316e+06 4.52077442e+05
 4.11553586e-02 1.09854958e+06 4.44215516e+05
 4.92947130e-02 1.15076453e+06 4.35437821e+05
 5.90437991e-02 1.19985696e+06 4.26009058e+05
 7.07209759e-02 1.24660202e+06 4.16089322e+05
 8.47075648e-02 1.29135570e+06 4.05955225e+05
 1.01460301e-01 1.33462937e+06 3.95863694e+05
 1.21526251e-01 1.37758988e+06 3.85855145e+05
 1.45560672e-01 1.41966919e+06 3.75890369e+05
 1.74348415e-01 1.46007494e+06 3.65803558e+05
 2.08829551e-01 1.49893718e+06 3.55612256e+05
 2.50130071e-01 1.53631855e+06 3.45517721e+05
 2.99598653e-01 1.57209626e+06 3.35532923e+05
 3.58850709e-01 1.60649452e+06 3.25757060e+05
 4.29821129e-01 1.63948471e+06 3.16347370e+05
 5.14827470e-01 1.67150978e+06 3.07267367e+05
 6.16645637e-01 1.70341987e+06 2.98565703e+05
 7.38600529e-01 1.73530318e+06 2.90153558e+05
 8.84674616e-01 1.76692217e+06 2.81874614e+05
 1.05963798e+00 1.79805337e+06 2.73798875e+05
 1.26920411e+00 1.82859713e+06 2.65928786e+05
 1.52021643e+00 1.85850535e+06 2.58218741e+05
 1.82087181e+00 1.88734494e+06 2.50801890e+05
 2.18098824e+00 1.91488459e+06 2.43718460e+05
 2.61232541e+00 1.94102146e+06 2.37101087e+05
 3.12896876e+00 1.96560715e+06 2.31145233e+05
 3.74778940e+00 1.98835063e+06 2.25847787e+05
 4.48899508e+00 2.00891373e+06 2.21235509e+05
 5.37679008e+00 2.02708763e+06 2.17363069e+05
 6.44016557e+00 2.04305917e+06 2.14250120e+05
 7.71384635e+00 2.05681379e+06 2.12002996e+05
 9.23942481e+00 2.06838579e+06 2.10688661e+05
 1.10667191e+01 2.07832410e+06 2.10293873e+05
 1.32554000e+01 2.08773851e+06 2.10999376e+05
 1.58769395e+01 2.09748665e+06 2.12980392e+05
 1.90169446e+01 2.10835689e+06 2.16386786e+05
 2.27779530e+01 2.12075732e+06 2.21401848e+05
 2.72827815e+01 2.13466079e+06 2.28261259e+05
 3.26785363e+01 2.14998173e+06 2.37179592e+05
 3.91414173e+01 2.16619984e+06 2.48372371e+05
 4.68824716e+01 2.18251184e+06 2.62006095e+05
 5.61544853e+01 2.19842868e+06 2.78299797e+05
 6.72602384e+01 2.21389939e+06 2.97547923e+05
 8.05623922e+01 2.22931578e+06 3.20079017e+05
 9.64953321e+01 2.24599035e+06 3.46135654e+05
 1.15579352e+02 2.26562162e+06 3.76131475e+05
 1.38437647e+02 2.29035589e+06 4.10648413e+05
 1.65816659e+02 2.32104204e+06 4.50215101e+05
 1.98610457e+02 2.35772180e+06 4.95224596e+05
 2.37889932e+02 2.40016697e+06 5.46375484e+05
 2.84937766e+02 2.44810241e+06 6.04396861e+05
 3.41290316e+02 2.50076770e+06 6.70174856e+05
 4.08787792e+02 2.55711141e+06 7.44619361e+05
 4.89634340e+02 2.61573147e+06 8.28592222e+05
 5.86470026e+02 2.67729152e+06 9.23435903e+05
 7.02457044e+02 2.74352775e+06 1.03103138e+06
 8.41382981e+02 2.81613554e+06 1.15315177e+06
 1.00778450e+03 2.89669590e+06 1.29209565e+06
 1.20709549e+03 2.98702490e+06 1.45018682e+06
 1.44582449e+03 3.08853826e+06 1.63036996e+06
 1.73176728e+03 3.20285691e+06 1.83634719e+06
 2.07426138e+03 3.33184507e+06 2.07229179e+06
 2.48449103e+03 3.47717773e+06 2.34278571e+06
 2.97585238e+03 3.64092585e+06 2.65208180e+06
 3.56439097e+03 3.82510521e+06 3.00449022e+06
 4.26932569e+03 4.03199473e+06 3.40639659e+06
 5.11367636e+03 4.26736118e+06 3.86598630e+06
 6.12501547e+03 4.53809926e+06 4.39233313e+06
 7.33636856e+03 4.85181334e+06 4.99921702e+06
 8.78729270e+03 5.21781996e+06 5.70408947e+06
 1.05251682e+04 5.64712840e+06 6.52728606e+06
 1.26067458e+04 6.16134180e+06 7.51328743e+06
 1.51000000e+04 6.77725192e+06 8.69429171e+06
