 8.41600000e-02 4.56314965e+02 1.01756020e+04
 1.05305499e-01 1.36441369e+03 1.19244189e+04
 1.31763880e-01 2.50067546e+03 1.41126323e+04
 1.64870024e-01 3.92242703e+03 1.68506420e+04
 2.06294204e-01 5.74417624e+03 2.01352615e+04
 2.58126356e-01 8.10983290e+03 2.39087965e+04
 3.22981520e-01 1.11492189e+04 2.81283409e+04
 4.04131776e-01 1.49962333e+04 3.26909077e+04
 5.05671321e-01 1.97632346e+04 3.74604175e+04
 6.32723039e-01 2.55090552e+04 4.22984723e+04
 7.91696952e-01 3.22540444e+04 4.70323775e+04
 9.90613626e-01 3.99401187e+04 5.15050178e+04
 1.23950882e+00 4.84755503e+04 5.55742563e+04
 1.55093982e+00 5.77262688e+04 5.91100665e+04
 1.94061897e+00 6.75251446e+04 6.20680563e+04
 2.42820638e+00 7.77366657e+04 6.44429072e+04
 3.03830187e+00 8.81759878e+04 6.62365378e+04
 3.80168602e+00 9.87051724e+04 6.75412570e+04
 4.75687315e+00 1.09278356e+05 6.84416650e+04
 5.95205444e+00 1.19793559e+05 6.90129567e+04
 7.44752928e+00 1.30230258e+05 6.93773615e+04
 9.31874749e+00 1.40613787e+05 6.95966336e+04
 1.16601159e+01 1.50793294e+05 6.96971260e+04
 1.45897615e+01 1.60894381e+05 6.97867755e+04
 1.82554910e+01 1.70936487e+05 6.98973304e+04
 2.28422480e+01 1.80762943e+05 7.00569740e+04
 2.85814440e+01 1.90563580e+05 7.03262288e+04
 3.57626335e+01 2.00343734e+05 7.07402996e+04
 4.47481223e+01 2.09968989e+05 7.13502186e+04
 5.59912471e+01 2.19720312e+05 7.22492850e+04
 7.00592470e+01 2.29538835e+05 7.34482658e+04
 8.76618820e+01 2.39398329e+05 7.50086638e+04
 1.09687242e+02 2.49565838e+05 7.70174516e+04
 1.37246551e+02 2.59812262e+05 7.95918673e+04
 1.71730235e+02 2.70182197e+05 8.27968265e+04
 2.14878067e+02 2.81044214e+05 8.66666074e+04
 2.68866945e+02 2.92265098e+05 9.13081170e+04
 3.36420721e+02 3.03907225e+05 9.67985929e+04
 4.20947624e+02 3.16290615e+05 1.03133332e+05
 5.26712211e+02 3.29495117e+05 1.10332273e+05
 6.59050527e+02 3.43805559e+05 1.18372338e+05
 8.24639315e+02 3.59504693e+05 1.27213632e+05
 1.03183288e+03 3.76555007e+05 1.36851176e+05
 1.29108455e+03 3.95267052e+05 1.47219819e+05
 1.61547414e+03 4.15812779e+05 1.58237332e+05
 2.02136776e+03 4.38146108e+05 1.69796536e+05
 2.52924360e+03 4.62456046e+05 1.81807230e+05
 3.16472505e+03 4.88939445e+05 1.94025261e+05
 3.95987347e+03 5.17399171e+05 2.06312514e+05
 4.95480575e+03 5.47901937e+05 2.18559758e+05
 6.19971832e+03 5.80603890e+05 2.30450009e+05
 7.75741959e+03 6.15266212e+05 2.41868955e+05
 9.70649884e+03 6.51823886e+05 2.52817258e+05
 1.21452912e+04 6.90124718e+05 2.63166526e+05
 1.51968388e+04 7.29760578e+05 2.72934606e+05
 1.90150986e+04 7.70753075e+05 2.82136235e+05
 2.37927097e+04 8.13022408e+05 2.90682524e+05
 2.97707126e+04 8.56084109e+05 2.98731034e+05
 3.72507100e+04 8.99832439e+05 3.06299434e+05
 4.66100833e+04 9.44261394e+05 3.13364195e+05
 5.83210325e+04 9.89253814e+05 3.20023321e+05
 7.29743993e+04 1.03479071e+06 3.26531907e+05
 9.13094766e+04 1.08050378e+06 3.33002924e+05
 1.14251307e+05 1.12622793e+06 3.39853725e+05
 1.42957354e+05 1.17184677e+06 3.47539561e+05
 1.78875898e+05 1.21742147e+06 3.56518568e+05
 2.23819104e+05 1.26269057e+06 3.67547201e+05
 2.80054449e+05 1.30771984e+06 3.81445932e+05
 3.50419125e+05 1.35267291e+06 3.98991468e+05
 4.38463176e+05 1.39826484e+06 4.21520149e+05
 5.48628609e+05 1.44489760e+06 4.49952204e+05
 6.86473497e+05 1.49337781e+06 4.85437059e+05
 8.58952404e+05 1.54447272e+06 5.29379289e+05
 1.07476725e+06 1.59948750e+06 5.82937339e+05
 1.34480634e+06 1.65926417e+06 6.47595797e+05
 1.68269372e+06 1.72503911e+06 7.25067881e+05
 2.10547650e+06 1.79809146e+06 8.16987623e+05
 2.63448496e+06 1.88000804e+06 9.25708349e+05
 3.29640867e+06 1.97198577e+06 1.05371787e+06
 4.12464307e+06 2.07559976e+06 1.20348262e+06
 5.16097430e+06 2.19237364e+06 1.37884802e+06
 6.45768745e+06 2.32455845e+06 1.58378922e+06
 8.08020438e+06 2.47430200e+06 1.82411838e+06
 1.01103845e+07 2.64423611e+06 2.10678098e+06
 1.26506545e+07 2.83683796e+06 2.43952191e+06
 1.58291764e+07 3.05604032e+06 2.83227676e+06
 1.98063133e+07 3.30663048e+06 3.29892679e+06
 2.47827199e+07 3.59345607e+06 3.85398705e+06
 3.10094664e+07 3.92259093e+06 4.51486243e+06
 3.88007051e+07 4.30087085e+06 5.30096476e+06
 4.85495203e+07 4.73764795e+06 6.23679057e+06
 6.07477599e+07 5.24644344e+06 7.35253907e+06
 7.60108505e+07 5.84409831e+06 8.68440553e+06
 9.51088470e+07 6.55297555e+06 1.02735856e+07
 1.19005283e+08 7.40371822e+06 1.21741535e+07
 1.48905783e+08 8.43731273e+06 1.44662185e+07
 1.86318891e+08 9.70595661e+06 1.72537504e+07
 2.33132175e+08 1.12713293e+07 2.06520710e+07
 2.91707463e+08 1.32300075e+07 2.49042317e+07
 3.65000000e+08 1.56808106e+07 3.02247630e+07
