2.2200E-03 4.5321E+01 1.4299E+03
2.2200E-03 4.5321E+01 1.4299E+03
3.9500E-03 1.4512E+02 2.5236E+03
3.9500E-03 1.4512E+02 2.5236E+03
7.0200E-03 4.2648E+02 4.4458E+03
7.0200E-03 4.2648E+02 4.4458E+03
1.2480E-02 1.2051E+03 7.6791E+03
1.2480E-02 1.2051E+03 7.6791E+03
2.2180E-02 3.2563E+03 1.2804E+04
2.2180E-02 3.2563E+03 1.2804E+04
2.2550E-02 3.2428E+03 1.2783E+04
3.0070E-02 5.1514E+03 1.6124E+04
3.9450E-02 7.9503E+03 1.9962E+04
3.9450E-02 7.9503E+03 1.9962E+04
4.0100E-02 7.9230E+03 1.9929E+04
5.3480E-02 1.1656E+04 2.3971E+04
7.0150E-02 1.6526E+04 2.8115E+04
7.0150E-02 1.6526E+04 2.8115E+04
7.1310E-02 1.6441E+04 2.8076E+04
9.3460E-02 2.2257E+04 3.2177E+04
9.5100E-02 2.2229E+04 3.1997E+04
1.0000E-01 2.4128E+04 3.3083E+04
1.0595E-01 2.5757E+04 3.3970E+04
1.2475E-01 2.8885E+04 3.5651E+04
1.2475E-01 2.8885E+04 3.5651E+04
1.2682E-01 2.8844E+04 3.5594E+04
1.2986E-01 2.9997E+04 3.6334E+04
1.3895E-01 3.1920E+04 3.7111E+04
1.4721E-01 3.3839E+04 3.7772E+04
1.6911E-01 3.6022E+04 3.8887E+04
1.8044E-01 3.8327E+04 4.0037E+04
1.9307E-01 4.0478E+04 4.0667E+04
2.0455E-01 4.2408E+04 4.1316E+04
2.2185E-01 4.3647E+04 4.1991E+04
2.2185E-01 4.3647E+04 4.1991E+04
2.2552E-01 4.3645E+04 4.1873E+04
2.5072E-01 4.7323E+04 4.3375E+04
2.6827E-01 4.9531E+04 4.3924E+04
2.8422E-01 5.1485E+04 4.4516E+04
3.0073E-01 5.1571E+04 4.4797E+04
3.4838E-01 5.6715E+04 4.6540E+04
3.7276E-01 5.8907E+04 4.7081E+04
3.9451E-01 5.9847E+04 4.7721E+04
3.9451E-01 5.9847E+04 4.7721E+04
3.9493E-01 6.0825E+04 4.7700E+04
4.0103E-01 5.9694E+04 4.7703E+04
4.8407E-01 6.6400E+04 4.9962E+04
5.1795E-01 6.8629E+04 5.0504E+04
5.3479E-01 6.8122E+04 5.0850E+04
5.4875E-01 7.0581E+04 5.1054E+04
5.8447E-01 7.4034E+04 5.2829E+04
6.7262E-01 7.6191E+04 5.3678E+04
7.0155E-01 7.6923E+04 5.4396E+04
7.0155E-01 7.6923E+04 5.4396E+04
7.1315E-01 7.6762E+04 5.4369E+04
7.1969E-01 7.8480E+04 5.4406E+04
7.6248E-01 8.0564E+04 5.5023E+04
8.1211E-01 8.4380E+04 5.6828E+04
9.3460E-01 8.6577E+04 5.8046E+04
9.5100E-01 8.5803E+04 5.8513E+04
1.0000E+00 8.8864E+04 5.8938E+04
1.0595E+00 9.0967E+04 5.9852E+04
1.1284E+00 9.5343E+04 6.1492E+04
1.2476E+00 9.5421E+04 6.3566E+04
1.2476E+00 9.5421E+04 6.3566E+04
1.2682E+00 9.5287E+04 6.3530E+04
1.2986E+00 9.7457E+04 6.3526E+04
1.3895E+00 9.9905E+04 6.4647E+04
1.4721E+00 1.0200E+05 6.5775E+04
1.5680E+00 1.0700E+05 6.7416E+04
1.6912E+00 1.0600E+05 6.9602E+04
1.8044E+00 1.0900E+05 7.0149E+04
1.9307E+00 1.1200E+05 7.1703E+04
2.0455E+00 1.1400E+05 7.3138E+04
2.1787E+00 1.1900E+05 7.4715E+04
2.2185E+00 1.1700E+05 7.6851E+04
2.2185E+00 1.1700E+05 7.6851E+04
2.2552E+00 1.1600E+05 7.6851E+04
2.5072E+00 1.2200E+05 7.8547E+04
2.6827E+00 1.2500E+05 8.0479E+04
2.8422E+00 1.2800E+05 8.2183E+04
3.0073E+00 1.2900E+05 8.5503E+04
3.0272E+00 1.3300E+05 8.3698E+04
3.4838E+00 1.3700E+05 8.8659E+04
3.7276E+00 1.4000E+05 9.1026E+04
3.9451E+00 1.4300E+05 9.6009E+04
3.9451E+00 1.4300E+05 9.6009E+04
3.9493E+00 1.4300E+05 9.3319E+04
4.0103E+00 1.4200E+05 9.5808E+04
4.2063E+00 1.4900E+05 9.4831E+04
4.8407E+00 1.5300E+05 1.0100E+05
5.1795E+00 1.5700E+05 1.0400E+05
5.3479E+00 1.5800E+05 1.0800E+05
5.4875E+00 1.6100E+05 1.0700E+05
5.8447E+00 1.6600E+05 1.0800E+05
6.7262E+00 1.7200E+05 1.1600E+05
6.8578E+00 1.7900E+05 1.1400E+05
7.0155E+00 1.7600E+05 1.2200E+05
7.0155E+00 1.7600E+05 1.2200E+05
7.1315E+00 1.7600E+05 1.2200E+05
7.1969E+00 1.7800E+05 1.1900E+05
7.6248E+00 1.8100E+05 1.2200E+05
8.1211E+00 1.8700E+05 1.2300E+05
9.3460E+00 1.9500E+05 1.3200E+05
9.5100E+00 1.9700E+05 1.3700E+05
9.5289E+00 2.0200E+05 1.3100E+05
1.0000E+01 2.0100E+05 1.3600E+05
1.0595E+01 2.0600E+05 1.3900E+05
1.1284E+01 2.1200E+05 1.4100E+05
1.2476E+01 2.2200E+05 1.5400E+05
1.2476E+01 2.2200E+05 1.5400E+05
1.2682E+01 2.2100E+05 1.5400E+05
1.2986E+01 2.2300E+05 1.5100E+05
1.3240E+01 2.2900E+05 1.5000E+05
1.3895E+01 2.2900E+05 1.5500E+05
1.4721E+01 2.3500E+05 1.5900E+05
1.5680E+01 2.4100E+05 1.6100E+05
1.6912E+01 2.4900E+05 1.7200E+05
1.8044E+01 2.5400E+05 1.7100E+05
1.8398E+01 2.6000E+05 1.7000E+05
1.9307E+01 2.6200E+05 1.7500E+05
2.0455E+01 2.6800E+05 1.7900E+05
2.1787E+01 2.7600E+05 1.8100E+05
2.2185E+01 2.8100E+05 1.9000E+05
2.2185E+01 2.8100E+05 1.9000E+05
2.2552E+01 2.8000E+05 1.9000E+05
2.5072E+01 2.9100E+05 1.9200E+05
2.5563E+01 2.9700E+05 1.9100E+05
2.6827E+01 2.9900E+05 1.9600E+05
2.8422E+01 3.0700E+05 2.0000E+05
3.0272E+01 3.1500E+05 2.0200E+05
3.4838E+01 3.3300E+05 2.1400E+05
3.5520E+01 3.3700E+05 2.1300E+05
3.7276E+01 3.4200E+05 2.1800E+05
3.9493E+01 3.5000E+05 2.2200E+05
4.2063E+01 3.5900E+05 2.2400E+05
4.8407E+01 3.7900E+05 2.3600E+05
4.9355E+01 3.8400E+05 2.3500E+05
5.1795E+01 3.8900E+05 2.3900E+05
5.4875E+01 3.9800E+05 2.4300E+05
5.8447E+01 4.0800E+05 2.4600E+05
6.7262E+01 4.2900E+05 2.5700E+05
6.8578E+01 4.3500E+05 2.5600E+05
7.1969E+01 4.4100E+05 2.6100E+05
7.6248E+01 4.5000E+05 2.6400E+05
8.1211E+01 4.6200E+05 2.6700E+05
9.3460E+01 4.8400E+05 2.7800E+05
9.5289E+01 4.9200E+05 2.7800E+05
1.0000E+02 4.9600E+05 2.8200E+05
1.0595E+02 5.0600E+05 2.8500E+05
1.0996E+02 5.1600E+05 2.8400E+05
1.1284E+02 5.2000E+05 2.8800E+05
1.3240E+02 5.5200E+05 3.0000E+05
1.5279E+02 5.8200E+05 3.0700E+05
1.5680E+02 5.8200E+05 3.1000E+05
1.8398E+02 6.1700E+05 3.2200E+05
2.1231E+02 6.5100E+05 3.2900E+05
2.1787E+02 6.4800E+05 3.3100E+05
2.5563E+02 6.8600E+05 3.4300E+05
2.9500E+02 7.2500E+05 3.5300E+05
3.0272E+02 7.1800E+05 3.5400E+05
3.5520E+02 7.6000E+05 3.6600E+05
4.0990E+02 8.0400E+05 3.7500E+05
4.2063E+02 7.9300E+05 3.7500E+05
4.9355E+02 8.4000E+05 3.8800E+05
5.6955E+02 8.8700E+05 3.9900E+05
5.8447E+02 8.7200E+05 3.9600E+05
6.8578E+02 9.2400E+05 4.1000E+05
7.9139E+02 9.7400E+05 4.2200E+05
9.5289E+02 1.0100E+06 4.3200E+05
1.0996E+03 1.0700E+06 4.4500E+05
1.3240E+03 1.1100E+06 4.5200E+05
1.5279E+03 1.1700E+06 4.6700E+05
1.6690E+03 1.2000E+06 4.6800E+05
1.8398E+03 1.2100E+06 4.7200E+05
2.1231E+03 1.2700E+06 4.8700E+05
2.3191E+03 1.3100E+06 4.8900E+05
2.5563E+03 1.3100E+06 4.8900E+05
2.9500E+03 1.3800E+06 5.0400E+05
3.2224E+03 1.4200E+06 5.1200E+05
3.5520E+03 1.4200E+06 5.0400E+05
4.0990E+03 1.4900E+06 5.2000E+05
4.4775E+03 1.5400E+06 5.2600E+05
4.9355E+03 1.5300E+06 5.1500E+05
5.6955E+03 1.6100E+06 5.3100E+05
6.2215E+03 1.6500E+06 5.3100E+05
6.8578E+03 1.6400E+06 5.2000E+05
7.9139E+03 1.7300E+06 5.4000E+05
8.6447E+03 1.7800E+06 5.3800E+05
1.0996E+04 1.8500E+06 5.4400E+05
1.2012E+04 1.9000E+06 5.4400E+05
1.5279E+04 1.9700E+06 5.3800E+05
1.6690E+04 2.0200E+06 5.3800E+05
1.8084E+04 2.0500E+06 5.4000E+05
2.1231E+04 2.0900E+06 5.3000E+05
2.3191E+04 2.1400E+06 5.2900E+05
2.5128E+04 2.1700E+06 5.2900E+05
2.9500E+04 2.2000E+06 5.2000E+05
3.2224E+04 2.2600E+06 5.1900E+05
3.4915E+04 2.2900E+06 5.1700E+05
4.0990E+04 2.3000E+06 5.0600E+05
4.4775E+04 2.3600E+06 5.0400E+05
4.8514E+04 2.3900E+06 5.0200E+05
5.6955E+04 2.4000E+06 4.9500E+05
6.2215E+04 2.4700E+06 4.9300E+05
6.7410E+04 2.4900E+06 4.9300E+05
7.9139E+04 2.4900E+06 4.8700E+05
8.6447E+04 2.5600E+06 4.8300E+05
9.3666E+04 2.5800E+06 4.8700E+05
1.1000E+05 2.5500E+06 4.8100E+05
1.2000E+05 2.6500E+06 4.8100E+05
1.3000E+05 2.6700E+06 4.8600E+05
1.6700E+05 2.7300E+06 4.9400E+05
1.8100E+05 2.7500E+06 5.0100E+05
2.1900E+05 2.8400E+06 4.9100E+05
2.3200E+05 2.8200E+06 5.1200E+05
2.5100E+05 2.8300E+06 5.2700E+05
3.0500E+05 2.9000E+06 5.1600E+05
3.2200E+05 2.9100E+06 5.4400E+05
3.4900E+05 2.9200E+06 5.6600E+05
4.2300E+05 2.9900E+06 5.6500E+05
4.4800E+05 2.9900E+06 5.9600E+05
4.8500E+05 3.0100E+06 6.2500E+05
5.8800E+05 3.0600E+06 6.4000E+05
6.2200E+05 3.0800E+06 6.6900E+05
6.7400E+05 3.1000E+06 7.1000E+05
8.1700E+05 3.1600E+06 7.5300E+05
8.6400E+05 3.1800E+06 7.7200E+05
9.3700E+05 3.2100E+06 8.2300E+05
1.1400E+06 3.2700E+06 8.9500E+05
1.2000E+06 3.2900E+06 9.0400E+05
1.3000E+06 3.3300E+06 9.7400E+05
1.5800E+06 3.4100E+06 1.0800E+06
1.6700E+06 3.4100E+06 1.0700E+06
1.8100E+06 3.4700E+06 1.1600E+06
2.1900E+06 3.5600E+06 1.2900E+06
2.5100E+06 3.6400E+06 1.4100E+06
3.0500E+06 3.7800E+06 1.5900E+06
3.4900E+06 3.8500E+06 1.7200E+06
4.2300E+06 4.0400E+06 1.9400E+06
4.8500E+06 4.1000E+06 2.1100E+06
5.8800E+06 4.3700E+06 2.4000E+06
6.7400E+06 4.4100E+06 2.5800E+06
8.1700E+06 4.7600E+06 2.9900E+06
9.3700E+06 4.7900E+06 3.1700E+06
1.1400E+07 5.2500E+06 3.7000E+06
1.3000E+07 5.2400E+06 3.9000E+06
1.5800E+07 5.8500E+06 4.5800E+06
1.8100E+07 5.7900E+06 4.7900E+06
2.1900E+07 6.5700E+06 5.7200E+06
3.0500E+07 7.4700E+06 7.1500E+06
4.2300E+07 8.5800E+06 9.0200E+06
5.8800E+07 9.8600E+06 1.1400E+07
8.1700E+07 1.1500E+07 1.4600E+07
1.1400E+08 1.3600E+07 1.8900E+07
1.5800E+08 1.6100E+07 2.4500E+07
2.1900E+08 1.9400E+07 3.1800E+07
  
