6.1200E-04 3.5165E+04 6.3455E+04
9.7000E-04 4.3905E+04 8.1835E+04
1.5400E-03 6.3868E+04 1.0300E+05
2.4400E-03 9.4629E+04 1.3100E+05
3.8600E-03 1.3900E+05 1.5300E+05
6.1200E-03 1.9200E+05 1.6900E+05
8.9500E-03 2.3800E+05 1.7200E+05
9.7000E-03 2.4800E+05 1.7600E+05
1.4190E-02 2.9200E+05 1.7700E+05
1.5370E-02 3.0300E+05 1.8000E+05
2.2490E-02 3.4500E+05 1.8000E+05
2.3280E-02 3.6700E+05 1.7600E+05
2.4350E-02 3.5700E+05 1.8000E+05
3.5640E-02 4.0200E+05 1.7600E+05
3.6890E-02 4.1800E+05 1.7500E+05
3.8600E-02 4.1200E+05 1.7800E+05
5.6490E-02 4.5400E+05 1.7500E+05
5.8470E-02 4.6900E+05 1.7200E+05
6.1180E-02 4.6400E+05 1.7500E+05
7.9910E-02 5.2000E+05 1.6300E+05
8.9530E-02 5.0400E+05 1.7200E+05
9.2660E-02 5.2000E+05 1.6700E+05
9.6960E-02 5.1500E+05 1.7100E+05
1.0027E-01 5.4600E+05 1.6100E+05
1.0244E-01 5.2000E+05 1.7000E+05
1.2665E-01 5.6500E+05 1.6000E+05
1.4190E-01 5.5300E+05 1.6900E+05
1.4686E-01 5.6800E+05 1.6500E+05
1.5367E-01 5.6400E+05 1.6800E+05
1.5892E-01 5.9200E+05 1.5700E+05
1.6235E-01 5.6800E+05 1.6800E+05
2.0073E-01 6.1000E+05 1.5700E+05
2.2489E-01 6.0100E+05 1.6400E+05
2.3276E-01 6.1300E+05 1.6200E+05
2.4356E-01 6.1100E+05 1.6500E+05
2.5187E-01 6.3600E+05 1.5500E+05
2.5731E-01 6.1500E+05 1.6500E+05
3.1814E-01 6.5300E+05 1.5600E+05
3.5643E-01 6.4700E+05 1.6500E+05
3.6891E-01 6.5800E+05 1.6100E+05
3.8601E-01 6.5600E+05 1.6500E+05
3.9918E-01 6.7800E+05 1.5500E+05
4.0782E-01 6.6100E+05 1.6500E+05
4.4233E-01 6.8700E+05 1.4900E+05
5.0423E-01 6.9500E+05 1.5600E+05
5.6492E-01 6.9000E+05 1.6500E+05
5.8469E-01 7.0100E+05 1.6300E+05
6.1179E-01 7.0100E+05 1.6700E+05
6.3266E-01 7.1800E+05 1.5800E+05
6.4635E-01 7.0500E+05 1.6800E+05
7.0104E-01 7.2500E+05 1.5500E+05
7.9916E-01 7.3500E+05 1.6100E+05
8.0138E-01 7.3600E+05 1.6100E+05
8.9533E-01 7.3300E+05 1.7300E+05
9.2668E-01 7.4400E+05 1.6900E+05
9.6963E-01 7.4500E+05 1.7200E+05
9.9245E-01 7.5800E+05 1.6600E+05
1.0027E+00 7.5900E+05 1.6600E+05
1.0244E+00 7.4900E+05 1.7400E+05
1.1111E+00 7.6400E+05 1.6500E+05
1.2666E+00 7.7700E+05 1.7100E+05
1.2701E+00 7.7700E+05 1.7100E+05
1.4190E+00 7.7800E+05 1.8300E+05
1.4687E+00 7.8700E+05 1.8100E+05
1.5368E+00 7.8800E+05 1.8400E+05
1.5729E+00 7.9800E+05 1.7900E+05
1.5892E+00 8.0000E+05 1.8000E+05
1.6236E+00 7.9400E+05 1.8600E+05
1.7609E+00 8.0600E+05 1.7900E+05
2.0075E+00 8.1900E+05 1.9000E+05
2.0130E+00 8.1900E+05 1.9100E+05
2.2490E+00 8.2100E+05 2.0200E+05
2.3277E+00 8.3100E+05 2.0000E+05
2.4356E+00 8.3300E+05 2.0300E+05
2.4929E+00 8.4300E+05 2.0300E+05
2.5188E+00 8.4400E+05 2.0300E+05
2.5732E+00 8.3800E+05 2.0700E+05
2.7909E+00 8.4700E+05 2.0600E+05
3.1816E+00 8.6500E+05 2.1800E+05
3.1904E+00 8.6400E+05 2.1900E+05
3.5644E+00 8.7000E+05 2.3200E+05
3.6334E+00 8.6000E+05 2.2200E+05
3.6892E+00 8.7900E+05 2.3100E+05
3.8602E+00 8.8200E+05 2.3400E+05
3.9511E+00 8.9000E+05 2.3700E+05
3.9920E+00 8.9200E+05 2.3800E+05
4.0783E+00 8.8800E+05 2.3900E+05
4.4234E+00 8.9600E+05 2.4500E+05
4.4348E+00 8.9900E+05 2.4800E+05
5.0426E+00 9.1600E+05 2.5900E+05
5.0565E+00 9.1600E+05 2.6000E+05
5.6492E+00 9.2700E+05 2.7700E+05
5.7586E+00 9.1500E+05 2.7300E+05
5.8470E+00 9.3300E+05 2.7600E+05
6.1181E+00 9.3700E+05 2.7900E+05
6.2620E+00 9.4600E+05 2.8700E+05
6.3270E+00 9.4900E+05 2.9000E+05
6.4636E+00 9.4500E+05 2.8700E+05
7.0107E+00 9.5400E+05 3.0100E+05
7.0287E+00 9.5600E+05 3.0100E+05
7.9919E+00 9.7800E+05 3.1900E+05
8.0140E+00 9.7900E+05 3.1900E+05
8.9533E+00 9.9200E+05 3.4300E+05
9.1268E+00 9.8200E+05 3.4300E+05
9.2669E+00 9.9900E+05 3.4000E+05
9.6965E+00 1.0000E+06 3.4500E+05
9.9247E+00 1.0200E+06 3.5700E+05
1.0028E+01 1.0200E+06 3.6100E+05
1.0244E+01 1.0100E+06 3.5500E+05
1.1111E+01 1.0300E+06 3.7900E+05
1.1140E+01 1.0300E+06 3.7700E+05
1.2666E+01 1.0600E+06 4.0000E+05
1.2701E+01 1.0600E+06 4.0100E+05
1.4235E+01 1.0800E+06 4.3300E+05
1.4465E+01 1.0700E+06 4.3200E+05
1.4687E+01 1.0800E+06 4.2800E+05
1.5368E+01 1.0900E+06 4.3600E+05
1.5730E+01 1.1100E+06 4.5200E+05
1.5893E+01 1.1100E+06 4.5600E+05
1.6288E+01 1.1000E+06 4.4900E+05
1.7610E+01 1.1300E+06 4.7900E+05
1.7655E+01 1.1300E+06 4.7700E+05
2.0075E+01 1.1600E+06 5.0700E+05
2.0130E+01 1.1600E+06 5.0800E+05
2.1612E+01 1.1800E+06 5.2800E+05
2.2926E+01 1.1900E+06 5.4600E+05
2.3278E+01 1.1900E+06 5.4600E+05
2.4930E+01 1.2300E+06 5.7300E+05
2.5188E+01 1.2300E+06 5.7800E+05
2.7911E+01 1.2600E+06 6.0500E+05
2.7982E+01 1.2600E+06 6.0600E+05
3.1816E+01 1.3000E+06 6.4200E+05
3.1905E+01 1.3000E+06 6.4200E+05
3.4253E+01 1.3300E+06 6.6400E+05
3.6335E+01 1.3500E+06 6.8400E+05
3.7008E+01 1.3500E+06 6.9400E+05
3.9512E+01 1.3900E+06 7.2200E+05
3.9921E+01 1.4000E+06 7.2600E+05
4.4236E+01 1.4400E+06 7.5500E+05
4.4349E+01 1.4400E+06 7.5700E+05
5.0426E+01 1.4900E+06 8.0200E+05
5.0566E+01 1.4900E+06 8.0200E+05
5.4287E+01 1.5300E+06 8.1200E+05
5.7588E+01 1.5600E+06 8.3900E+05
6.2622E+01 1.6100E+06 8.9100E+05
6.3270E+01 1.6200E+06 8.9600E+05
7.0109E+01 1.6700E+06 9.2000E+05
7.0288E+01 1.6700E+06 9.2100E+05
7.9920E+01 1.7300E+06 9.8000E+05
8.0143E+01 1.7400E+06 9.8200E+05
8.6039E+01 1.7800E+06 9.7500E+05
9.1272E+01 1.8200E+06 1.0000E+06
9.9251E+01 1.8900E+06 1.0700E+06
1.0028E+02 1.9000E+06 1.0800E+06
1.1112E+02 1.9600E+06 1.0900E+06
1.1140E+02 1.9600E+06 1.0900E+06
1.2706E+02 2.0500E+06 1.1700E+06
1.2742E+02 2.0500E+06 1.1700E+06
1.2874E+02 2.1700E+06 1.0900E+06
1.3636E+02 2.0900E+06 1.1400E+06
1.4466E+02 2.1400E+06 1.1700E+06
1.5780E+02 2.2400E+06 1.2600E+06
1.5943E+02 2.2400E+06 1.2700E+06
1.7611E+02 2.3100E+06 1.2700E+06
1.7656E+02 2.3100E+06 1.2700E+06
2.0404E+02 2.5500E+06 1.3000E+06
2.1613E+02 2.4600E+06 1.3000E+06
2.2019E+02 2.4700E+06 1.3000E+06
2.2927E+02 2.5100E+06 1.3300E+06
2.7911E+02 2.7000E+06 1.4400E+06
2.7983E+02 2.7100E+06 1.4400E+06
3.2338E+02 2.8900E+06 1.4200E+06
3.4254E+02 2.8600E+06 1.4600E+06
3.4899E+02 2.8800E+06 1.4600E+06
3.6337E+02 2.9200E+06 1.4800E+06
4.4236E+02 3.1500E+06 1.6000E+06
4.4350E+02 3.1600E+06 1.6100E+06
4.5358E+02 3.1900E+06 1.5300E+06
5.1252E+02 3.3200E+06 1.5700E+06
5.4290E+02 3.3200E+06 1.6100E+06
5.5311E+02 3.3400E+06 1.6100E+06
5.7590E+02 3.3800E+06 1.6400E+06
7.0330E+02 3.6600E+06 1.7700E+06
7.0513E+02 3.6700E+06 1.7800E+06
7.1887E+02 3.6400E+06 1.6700E+06
8.1230E+02 3.7900E+06 1.6900E+06
8.6044E+02 3.8200E+06 1.7600E+06
8.7663E+02 3.8400E+06 1.7700E+06
9.1274E+02 3.8900E+06 1.7800E+06
1.1393E+03 4.1500E+06 1.7900E+06
1.1636E+03 4.2700E+06 1.8100E+06
1.2874E+03 4.3300E+06 1.8500E+06
1.3637E+03 4.3700E+06 1.9100E+06
1.3894E+03 4.3900E+06 1.9100E+06
1.4466E+03 4.4500E+06 1.9200E+06
1.8057E+03 4.7200E+06 1.9300E+06
1.8443E+03 4.7800E+06 1.9600E+06
2.0405E+03 4.9000E+06 1.9900E+06
2.1614E+03 4.9700E+06 2.0400E+06
2.2020E+03 4.9900E+06 2.0400E+06
2.2927E+03 5.0600E+06 2.0500E+06
2.8619E+03 5.3200E+06 2.0400E+06
2.9229E+03 5.3900E+06 2.0900E+06
3.2340E+03 5.5100E+06 2.1100E+06
3.4255E+03 5.6100E+06 2.1500E+06
3.4899E+03 5.6400E+06 2.1600E+06
3.6337E+03 5.7100E+06 2.1700E+06
4.5359E+03 5.9600E+06 2.1300E+06
4.6130E+03 5.9800E+06 2.1300E+06
4.6326E+03 6.0400E+06 2.2000E+06
5.1255E+03 6.1600E+06 2.2100E+06
5.4291E+03 6.2900E+06 2.2400E+06
5.5312E+03 6.3200E+06 2.2400E+06
5.7771E+03 6.4100E+06 2.2500E+06
7.1890E+03 6.6300E+06 2.1800E+06
7.3112E+03 6.6400E+06 2.1800E+06
7.3422E+03 6.7200E+06 2.2800E+06
8.1235E+03 6.8500E+06 2.2800E+06
8.6045E+03 7.0000E+06 2.2900E+06
8.7665E+03 7.0300E+06 2.2900E+06
1.1394E+04 7.3200E+06 2.2100E+06
1.1587E+04 7.3200E+06 2.2200E+06
1.1637E+04 7.4300E+06 2.3100E+06
1.2875E+04 7.5700E+06 2.3200E+06
1.3637E+04 7.7100E+06 2.3000E+06
1.3894E+04 7.7500E+06 2.3000E+06
1.5075E+04 7.5800E+06 2.1900E+06
1.8058E+04 8.0000E+06 2.1800E+06
1.8365E+04 8.0000E+06 2.2000E+06
1.8443E+04 8.1300E+06 2.3000E+06
2.0405E+04 8.3200E+06 2.3100E+06
2.1614E+04 8.4200E+06 2.2800E+06
2.2021E+04 8.4500E+06 2.2800E+06
2.3892E+04 8.2700E+06 2.1800E+06
2.8621E+04 8.6400E+06 2.1300E+06
2.9107E+04 8.6500E+06 2.1500E+06
2.9230E+04 8.8200E+06 2.2400E+06
3.2340E+04 9.0300E+06 2.2500E+06
3.4363E+04 9.1000E+06 2.2300E+06
3.5011E+04 9.1300E+06 2.2300E+06
3.7866E+04 8.9200E+06 2.1300E+06
4.5361E+04 9.2400E+06 2.0900E+06
4.6131E+04 9.2500E+06 2.1100E+06
4.6327E+04 9.4700E+06 2.1600E+06
5.1256E+04 9.7300E+06 2.1900E+06
6.0014E+04 9.4900E+06 2.0900E+06
7.1892E+04 9.7800E+06 2.0800E+06
7.3113E+04 9.7900E+06 2.1100E+06
7.3424E+04 1.0100E+07 2.1000E+06
8.1235E+04 1.0400E+07 2.1300E+06
9.5117E+04 1.0100E+07 2.1200E+06
1.1400E+05 1.0300E+07 2.1700E+06
1.1600E+05 1.0300E+07 2.1900E+06
1.1600E+05 1.0600E+07 2.0900E+06
1.2900E+05 1.1000E+07 2.1500E+06
1.5000E+05 1.0600E+07 2.1700E+06
1.5100E+05 1.0600E+07 2.2400E+06
1.8100E+05 1.0800E+07 2.3700E+06
1.8400E+05 1.0800E+07 2.3800E+06
1.8500E+05 1.1100E+07 2.1800E+06
2.0500E+05 1.1600E+07 2.2800E+06
2.3800E+05 1.1100E+07 2.4500E+06
2.3900E+05 1.1100E+07 2.5000E+06
2.8600E+05 1.1300E+07 2.7300E+06
2.9100E+05 1.1300E+07 2.7400E+06
3.7700E+05 1.1700E+07 2.8900E+06
3.7900E+05 1.1600E+07 2.9300E+06
4.5400E+05 1.1900E+07 3.3000E+06
4.6100E+05 1.1900E+07 3.3100E+06
5.9800E+05 1.2300E+07 3.5700E+06
6.0000E+05 1.2300E+07 3.6000E+06
7.2100E+05 1.2700E+07 4.1500E+06
7.3300E+05 1.2700E+07 4.1600E+06
9.4800E+05 1.3100E+07 4.5300E+06
9.5100E+05 1.3100E+07 4.5700E+06
1.5000E+06 1.4100E+07 5.9000E+06
1.5100E+06 1.4100E+07 5.9600E+06
2.3800E+06 1.5400E+07 7.7900E+06
2.3900E+06 1.5400E+07 7.8400E+06
3.7700E+06 1.7100E+07 1.0400E+07
3.7900E+06 1.7100E+07 1.0400E+07
5.9800E+06 1.9300E+07 1.3900E+07
6.0000E+06 1.9300E+07 1.3800E+07
9.4800E+06 2.2200E+07 1.8600E+07
9.5100E+06 2.2200E+07 1.8500E+07
1.5000E+07 2.6000E+07 2.5100E+07
1.5100E+07 2.6000E+07 2.5000E+07
2.3900E+07 3.1000E+07 3.4200E+07
2.4000E+07 3.0900E+07 3.4000E+07
  
