1.6400E-03 5.1163E+01 7.2843E+02
1.6500E-03 5.1158E+01 7.2836E+02
2.2800E-03 1.1384E+02 1.0185E+03
2.2900E-03 1.1383E+02 1.0184E+03
3.1700E-03 2.0789E+02 1.3960E+03
3.1800E-03 2.0787E+02 1.3959E+03
4.4000E-03 2.6821E+02 1.8985E+03
4.4200E-03 2.6818E+02 1.8983E+03
6.1100E-03 4.2109E+02 2.5520E+03
6.1400E-03 4.2104E+02 2.5518E+03
8.5000E-03 6.8540E+02 3.4144E+03
8.5300E-03 6.8533E+02 3.4141E+03
1.1810E-02 1.1514E+03 4.5154E+03
1.1850E-02 1.1513E+03 4.5149E+03
1.6400E-02 1.8883E+03 5.9095E+03
1.6440E-02 1.8251E+03 5.8892E+03
1.6460E-02 1.8881E+03 5.9089E+03
1.7980E-02 2.1448E+03 6.4302E+03
2.2790E-02 2.9693E+03 7.5142E+03
2.2840E-02 2.9046E+03 7.5057E+03
2.2880E-02 2.9690E+03 7.5135E+03
2.4980E-02 3.3392E+03 8.1621E+03
3.1670E-02 4.4322E+03 9.4232E+03
3.1740E-02 4.4425E+03 9.4255E+03
3.1790E-02 4.4318E+03 9.4223E+03
3.4710E-02 5.1003E+03 1.0044E+04
4.4010E-02 6.5327E+03 1.1482E+04
4.4100E-02 6.5162E+03 1.1450E+04
4.4170E-02 6.5320E+03 1.1480E+04
4.8230E-02 7.3584E+03 1.2085E+04
6.1150E-02 9.2215E+03 1.3543E+04
6.1270E-02 9.1656E+03 1.3506E+04
6.1370E-02 9.2206E+03 1.3542E+04
6.7010E-02 1.0249E+04 1.4146E+04
8.4970E-02 1.2520E+04 1.5450E+04
8.5140E-02 1.2402E+04 1.5441E+04
8.5270E-02 1.2518E+04 1.5448E+04
9.3110E-02 1.3581E+04 1.5937E+04
1.0000E-01 1.4799E+04 1.6465E+04
1.0009E-01 1.4816E+04 1.6284E+04
1.0025E-01 1.4592E+04 1.6265E+04
1.0038E-01 1.4608E+04 1.6338E+04
1.0069E-01 1.4816E+04 1.6284E+04
1.0084E-01 1.4757E+04 1.6259E+04
1.0093E-01 1.4761E+04 1.6309E+04
1.1806E-01 1.6216E+04 1.7071E+04
1.1830E-01 1.6129E+04 1.7066E+04
1.1848E-01 1.6215E+04 1.7069E+04
1.2938E-01 1.7395E+04 1.7545E+04
1.3895E-01 1.8576E+04 1.7951E+04
1.3908E-01 1.8653E+04 1.7827E+04
1.3930E-01 1.8433E+04 1.7828E+04
1.3948E-01 1.8470E+04 1.7884E+04
1.3991E-01 1.8653E+04 1.7827E+04
1.4012E-01 1.8594E+04 1.7872E+04
1.4025E-01 1.8626E+04 1.7832E+04
1.6404E-01 2.0204E+04 1.8482E+04
1.6438E-01 2.0114E+04 1.8465E+04
1.6463E-01 2.0202E+04 1.8480E+04
1.7978E-01 2.1515E+04 1.8861E+04
1.9307E-01 2.2742E+04 1.9209E+04
1.9325E-01 2.2770E+04 1.9091E+04
1.9356E-01 2.2588E+04 1.9152E+04
1.9380E-01 2.2703E+04 1.9208E+04
1.9441E-01 2.2770E+04 1.9091E+04
1.9470E-01 2.2755E+04 1.9190E+04
1.9487E-01 2.2781E+04 1.9180E+04
2.2794E-01 2.4420E+04 1.9675E+04
2.2840E-01 2.4334E+04 1.9687E+04
2.2876E-01 2.4417E+04 1.9673E+04
2.4980E-01 2.5747E+04 2.0054E+04
2.6827E-01 2.6909E+04 2.0329E+04
2.6852E-01 2.7076E+04 2.0247E+04
2.6895E-01 2.6939E+04 2.0331E+04
2.6929E-01 2.6997E+04 2.0352E+04
2.7013E-01 2.7076E+04 2.0247E+04
2.7054E-01 2.7067E+04 2.0268E+04
2.7078E-01 2.7086E+04 2.0266E+04
3.1672E-01 2.8757E+04 2.0786E+04
3.1736E-01 2.8635E+04 2.0769E+04
3.1786E-01 2.8754E+04 2.0784E+04
3.4709E-01 3.0097E+04 2.1085E+04
3.7276E-01 3.1302E+04 2.1366E+04
3.7311E-01 3.1486E+04 2.1239E+04
3.7370E-01 3.1361E+04 2.1366E+04
3.7418E-01 3.1383E+04 2.1357E+04
3.7534E-01 3.1486E+04 2.1239E+04
3.7591E-01 3.1465E+04 2.1241E+04
3.7624E-01 3.1491E+04 2.1256E+04
4.4008E-01 3.3168E+04 2.1832E+04
4.4097E-01 3.3071E+04 2.1817E+04
4.4166E-01 3.3164E+04 2.1830E+04
4.8228E-01 3.4567E+04 2.2091E+04
5.1453E-01 3.7050E+04 2.1819E+04
5.1505E-01 3.7168E+04 2.1766E+04
5.1597E-01 3.7282E+04 2.1799E+04
5.1795E-01 3.5794E+04 2.2348E+04
5.1813E-01 3.7300E+04 2.1779E+04
5.1844E-01 3.6012E+04 2.2241E+04
5.1925E-01 3.5811E+04 2.2347E+04
5.1992E-01 3.5888E+04 2.2413E+04
5.2154E-01 3.6012E+04 2.2241E+04
5.2232E-01 3.5958E+04 2.2258E+04
5.2279E-01 3.5984E+04 2.2246E+04
6.1149E-01 3.7613E+04 2.2933E+04
6.1273E-01 3.7522E+04 2.2942E+04
6.1369E-01 3.7609E+04 2.2931E+04
6.7013E-01 3.9065E+04 2.3196E+04
7.1493E-01 4.1400E+04 2.2663E+04
7.1566E-01 4.1591E+04 2.2785E+04
7.1693E-01 4.1612E+04 2.2884E+04
7.1969E-01 4.0315E+04 2.3386E+04
7.1994E-01 4.1870E+04 2.2865E+04
7.2037E-01 4.0549E+04 2.3320E+04
7.2150E-01 4.0404E+04 2.3404E+04
7.2242E-01 4.0467E+04 2.3390E+04
7.2467E-01 4.0549E+04 2.3320E+04
7.2577E-01 4.0514E+04 2.3391E+04
7.2641E-01 4.0551E+04 2.3428E+04
8.4967E-01 4.2172E+04 2.4223E+04
8.5138E-01 4.2070E+04 2.4220E+04
8.5272E-01 4.2168E+04 2.4221E+04
9.3115E-01 4.3684E+04 2.4517E+04
9.9340E-01 4.5766E+04 2.3839E+04
9.9440E-01 4.6150E+04 2.4099E+04
9.9618E-01 4.6073E+04 2.4101E+04
1.0000E+00 4.4981E+04 2.4657E+04
1.0004E+00 4.6133E+04 2.4204E+04
1.0010E+00 4.5146E+04 2.4565E+04
1.0025E+00 4.5056E+04 2.4656E+04
1.0038E+00 4.5128E+04 2.4688E+04
1.0069E+00 4.5146E+04 2.4565E+04
1.0085E+00 4.5155E+04 2.4637E+04
1.0093E+00 4.5191E+04 2.4710E+04
1.1806E+00 4.6842E+04 2.5810E+04
1.1830E+00 4.6751E+04 2.5782E+04
1.1848E+00 4.6837E+04 2.5808E+04
1.2938E+00 4.8441E+04 2.6090E+04
1.3803E+00 5.0576E+04 2.5386E+04
1.3817E+00 5.0736E+04 2.5628E+04
1.3842E+00 5.0802E+04 2.5683E+04
1.3895E+00 4.9695E+04 2.6183E+04
1.3900E+00 5.0848E+04 2.5761E+04
1.3908E+00 4.9911E+04 2.6135E+04
1.3930E+00 4.9786E+04 2.6201E+04
1.3948E+00 4.9916E+04 2.6254E+04
1.3991E+00 4.9911E+04 2.6135E+04
1.4012E+00 4.9932E+04 2.6203E+04
1.4025E+00 4.9969E+04 2.6237E+04
1.6405E+00 5.1695E+04 2.7779E+04
1.6438E+00 5.1624E+04 2.7767E+04
1.6463E+00 5.1690E+04 2.7776E+04
1.7978E+00 5.3349E+04 2.8048E+04
1.9180E+00 5.5474E+04 2.7402E+04
1.9199E+00 5.5552E+04 2.7563E+04
1.9233E+00 5.5554E+04 2.7630E+04
1.9307E+00 5.4631E+04 2.8129E+04
1.9314E+00 5.5805E+04 2.7634E+04
1.9325E+00 5.4833E+04 2.8088E+04
1.9356E+00 5.4733E+04 2.8166E+04
1.9380E+00 5.4803E+04 2.8188E+04
1.9441E+00 5.4833E+04 2.8088E+04
1.9470E+00 5.4878E+04 2.8163E+04
1.9487E+00 5.4922E+04 2.8190E+04
2.2794E+00 5.6832E+04 3.0283E+04
2.2840E+00 5.6743E+04 3.0248E+04
2.2876E+00 5.6827E+04 3.0280E+04
2.4980E+00 5.8660E+04 3.0579E+04
2.6650E+00 6.0571E+04 2.9982E+04
2.6677E+00 6.0720E+04 3.0049E+04
2.6724E+00 6.0669E+04 3.0042E+04
2.6827E+00 5.9869E+04 3.0539E+04
2.6836E+00 6.0797E+04 3.0057E+04
2.6852E+00 6.0030E+04 3.0549E+04
2.6895E+00 5.9964E+04 3.0581E+04
2.6929E+00 6.0058E+04 3.0613E+04
2.7013E+00 6.0030E+04 3.0549E+04
2.7054E+00 6.0086E+04 3.0593E+04
2.7078E+00 6.0125E+04 3.0649E+04
3.1672E+00 6.2344E+04 3.3426E+04
3.1736E+00 6.2258E+04 3.3383E+04
3.1786E+00 6.2338E+04 3.3423E+04
3.4709E+00 6.4109E+04 3.3692E+04
3.7030E+00 6.6039E+04 3.3061E+04
3.7067E+00 6.6177E+04 3.3130E+04
3.7133E+00 6.6212E+04 3.3106E+04
3.7276E+00 6.5425E+04 3.3603E+04
3.7289E+00 6.6478E+04 3.3268E+04
3.7311E+00 6.5621E+04 3.3685E+04
3.7370E+00 6.5570E+04 3.3670E+04
3.7418E+00 6.5642E+04 3.3714E+04
3.7534E+00 6.5621E+04 3.3685E+04
3.7591E+00 6.5699E+04 3.3702E+04
3.7624E+00 6.5766E+04 3.3773E+04
4.4008E+00 6.8392E+04 3.7359E+04
4.4097E+00 6.8288E+04 3.7303E+04
4.4166E+00 6.8385E+04 3.7355E+04
4.8229E+00 7.0240E+04 3.7609E+04
5.1453E+00 7.2152E+04 3.6902E+04
5.1505E+00 7.2251E+04 3.6967E+04
5.1597E+00 7.2268E+04 3.7016E+04
5.1795E+00 7.1517E+04 3.7438E+04
5.1813E+00 7.2465E+04 3.7077E+04
5.1844E+00 7.1769E+04 3.7566E+04
5.1925E+00 7.1701E+04 3.7515E+04
5.1992E+00 7.1796E+04 3.7557E+04
5.2154E+00 7.1769E+04 3.7566E+04
5.2232E+00 7.1853E+04 3.7625E+04
5.2279E+00 7.1917E+04 3.7640E+04
6.1149E+00 7.5157E+04 4.2208E+04
6.1273E+00 7.5031E+04 4.2141E+04
6.1369E+00 7.5150E+04 4.2204E+04
6.4105E+00 7.8905E+04 3.9545E+04
6.4373E+00 7.9165E+04 3.9918E+04
6.5208E+00 7.8688E+04 3.9931E+04
6.7013E+00 7.7108E+04 4.2485E+04
6.9167E+00 8.1195E+04 4.1409E+04
7.1493E+00 7.9003E+04 4.1790E+04
7.1566E+00 7.9087E+04 4.1726E+04
7.1693E+00 7.9131E+04 4.1837E+04
7.1969E+00 7.8386E+04 4.2198E+04
7.1994E+00 7.9324E+04 4.1930E+04
7.2037E+00 7.8662E+04 4.2357E+04
7.2150E+00 7.8583E+04 4.2282E+04
7.2242E+00 7.8666E+04 4.2345E+04
7.2467E+00 7.8662E+04 4.2357E+04
7.2577E+00 7.8751E+04 4.2408E+04
7.2641E+00 7.8817E+04 4.2444E+04
8.4967E+00 8.2891E+04 4.8097E+04
8.5138E+00 8.2758E+04 4.8022E+04
8.5272E+00 8.2883E+04 4.8093E+04
8.9073E+00 8.6371E+04 4.4835E+04
8.9447E+00 8.6445E+04 4.5065E+04
9.0607E+00 8.6289E+04 4.5052E+04
9.3115E+00 8.4963E+04 4.8370E+04
9.6107E+00 8.8966E+04 4.7134E+04
9.9340E+00 8.6897E+04 4.7448E+04
9.9440E+00 8.6941E+04 4.7411E+04
9.9618E+00 8.6982E+04 4.7508E+04
1.0000E+01 8.6269E+04 4.7963E+04
1.0004E+01 8.7235E+04 4.7552E+04
1.0010E+01 8.6579E+04 4.8162E+04
1.0025E+01 8.6453E+04 4.8050E+04
1.0038E+01 8.6560E+04 4.8114E+04
1.0069E+01 8.6579E+04 4.8162E+04
1.0085E+01 8.6668E+04 4.8250E+04
1.0093E+01 8.6735E+04 4.8278E+04
1.1806E+01 9.1919E+04 5.5046E+04
1.1830E+01 9.1781E+04 5.4942E+04
1.1848E+01 9.1910E+04 5.5040E+04
1.2377E+01 9.5030E+04 5.1139E+04
1.2429E+01 9.4957E+04 5.1133E+04
1.2590E+01 9.5144E+04 5.1433E+04
1.2938E+01 9.4153E+04 5.5378E+04
1.3354E+01 9.7962E+04 5.3683E+04
1.3803E+01 9.6148E+04 5.4262E+04
1.3817E+01 9.6173E+04 5.4228E+04
1.3842E+01 9.6183E+04 5.4240E+04
1.3895E+01 9.5409E+04 5.4790E+04
1.3900E+01 9.6465E+04 5.4355E+04
1.3908E+01 9.5795E+04 5.5053E+04
1.3930E+01 9.5630E+04 5.4907E+04
1.3948E+01 9.5749E+04 5.4969E+04
1.3991E+01 9.5795E+04 5.5053E+04
1.4012E+01 9.5887E+04 5.5135E+04
1.4025E+01 9.5957E+04 5.5180E+04
1.6405E+01 1.0300E+05 6.2929E+04
1.6438E+01 1.0200E+05 6.2855E+04
1.6463E+01 1.0300E+05 6.2923E+04
1.7197E+01 1.0500E+05 5.8144E+04
1.7269E+01 1.0500E+05 5.8141E+04
1.7493E+01 1.0500E+05 5.8773E+04
1.7978E+01 1.0500E+05 6.3412E+04
1.8555E+01 1.0900E+05 6.1344E+04
1.9180E+01 1.0700E+05 6.1866E+04
1.9199E+01 1.0700E+05 6.1871E+04
1.9233E+01 1.0700E+05 6.1952E+04
1.9307E+01 1.0600E+05 6.2701E+04
1.9314E+01 1.0700E+05 6.2066E+04
1.9325E+01 1.0700E+05 6.2989E+04
1.9356E+01 1.0600E+05 6.2823E+04
1.9380E+01 1.0700E+05 6.2881E+04
1.9441E+01 1.0700E+05 6.2989E+04
1.9470E+01 1.0700E+05 6.3140E+04
1.9487E+01 1.0700E+05 6.3149E+04
2.3896E+01 1.1700E+05 6.6295E+04
2.3996E+01 1.1700E+05 6.6538E+04
2.4307E+01 1.1700E+05 6.7207E+04
2.4980E+01 1.1800E+05 7.2371E+04
2.5783E+01 1.2100E+05 6.9815E+04
2.6650E+01 1.2000E+05 7.0493E+04
2.6677E+01 1.2000E+05 7.0402E+04
2.6724E+01 1.2000E+05 7.0489E+04
2.6827E+01 1.1900E+05 7.1492E+04
2.6836E+01 1.2000E+05 7.0636E+04
2.6852E+01 1.1900E+05 7.1872E+04
2.6895E+01 1.1900E+05 7.1668E+04
2.6929E+01 1.1900E+05 7.1737E+04
2.7013E+01 1.1900E+05 7.1872E+04
2.7054E+01 1.2000E+05 7.2037E+04
2.7078E+01 1.2000E+05 7.2064E+04
3.3203E+01 1.3100E+05 7.5069E+04
3.3342E+01 1.3100E+05 7.5403E+04
3.3774E+01 1.3100E+05 7.5789E+04
3.4709E+01 1.3300E+05 8.1951E+04
3.5825E+01 1.3500E+05 7.8720E+04
3.7030E+01 1.3500E+05 7.9598E+04
3.7067E+01 1.3500E+05 7.9568E+04
3.7133E+01 1.3500E+05 7.9649E+04
3.7276E+01 1.3400E+05 8.1086E+04
3.7289E+01 1.3500E+05 7.9867E+04
3.7311E+01 1.3500E+05 8.1450E+04
3.7370E+01 1.3400E+05 8.1275E+04
3.7418E+01 1.3400E+05 8.1369E+04
3.7534E+01 1.3500E+05 8.1450E+04
3.7591E+01 1.3500E+05 8.1739E+04
3.7624E+01 1.3500E+05 8.1731E+04
4.6135E+01 1.4600E+05 8.4693E+04
4.6329E+01 1.4700E+05 8.4619E+04
4.6929E+01 1.4800E+05 8.5370E+04
4.9778E+01 1.5200E+05 8.8203E+04
5.1453E+01 1.5200E+05 8.9143E+04
5.1505E+01 1.5200E+05 8.9098E+04
5.1597E+01 1.5200E+05 8.9171E+04
5.1795E+01 1.5100E+05 9.1116E+04
5.1813E+01 1.5200E+05 8.9355E+04
5.1844E+01 1.5200E+05 9.1468E+04
5.1925E+01 1.5100E+05 9.1296E+04
5.1992E+01 1.5200E+05 9.1459E+04
5.2154E+01 1.5200E+05 9.1468E+04
5.2232E+01 1.5200E+05 9.1864E+04
5.2279E+01 1.5200E+05 9.1817E+04
6.4105E+01 1.6500E+05 9.4299E+04
6.4373E+01 1.6500E+05 9.4817E+04
6.5208E+01 1.6700E+05 9.5338E+04
6.9167E+01 1.7000E+05 9.7968E+04
7.1493E+01 1.7200E+05 9.8694E+04
7.1566E+01 1.7100E+05 9.8712E+04
7.1693E+01 1.7200E+05 9.8810E+04
7.1969E+01 1.7100E+05 1.0100E+05
7.1994E+01 1.7200E+05 9.9033E+04
7.2037E+01 1.7100E+05 1.0200E+05
7.2150E+01 1.7100E+05 1.0200E+05
7.2242E+01 1.7100E+05 1.0200E+05
7.2467E+01 1.7100E+05 1.0200E+05
7.2577E+01 1.7200E+05 1.0200E+05
7.2641E+01 1.7200E+05 1.0200E+05
8.9073E+01 1.8500E+05 1.0400E+05
8.9447E+01 1.8600E+05 1.0400E+05
9.0607E+01 1.8800E+05 1.0500E+05
9.6107E+01 1.9200E+05 1.0800E+05
9.9340E+01 1.9300E+05 1.0800E+05
9.9440E+01 1.9300E+05 1.0800E+05
9.9618E+01 1.9300E+05 1.0800E+05
1.0000E+02 1.9200E+05 1.1100E+05
1.0004E+02 1.9400E+05 1.0900E+05
1.0010E+02 1.9300E+05 1.1200E+05
1.0025E+02 1.9300E+05 1.1100E+05
1.0038E+02 1.9300E+05 1.1200E+05
1.0069E+02 1.9300E+05 1.1200E+05
1.0085E+02 1.9400E+05 1.1200E+05
1.0093E+02 1.9400E+05 1.1200E+05
1.2377E+02 2.0900E+05 1.1400E+05
1.2429E+02 2.0900E+05 1.1400E+05
1.2590E+02 2.1100E+05 1.1500E+05
1.2590E+02 2.1400E+05 1.1700E+05
1.3354E+02 2.1500E+05 1.1700E+05
1.3803E+02 2.1700E+05 1.1800E+05
1.3817E+02 2.1700E+05 1.1800E+05
1.3842E+02 2.1700E+05 1.1800E+05
1.3900E+02 2.1800E+05 1.1800E+05
1.4842E+02 2.0600E+05 1.1300E+05
1.4853E+02 2.0700E+05 1.1400E+05
1.5485E+02 2.0800E+05 1.1500E+05
1.7197E+02 2.3300E+05 1.2300E+05
1.7269E+02 2.3400E+05 1.2400E+05
1.7493E+02 2.4000E+05 1.2800E+05
1.7493E+02 2.3600E+05 1.2400E+05
1.8555E+02 2.4000E+05 1.2700E+05
1.9180E+02 2.4300E+05 1.2700E+05
1.9199E+02 2.4200E+05 1.2700E+05
1.9233E+02 2.4200E+05 1.2700E+05
1.9314E+02 2.4300E+05 1.2800E+05
2.0623E+02 2.3100E+05 1.2400E+05
2.0638E+02 2.3100E+05 1.2300E+05
2.1516E+02 2.3300E+05 1.2400E+05
2.3896E+02 2.6100E+05 1.3300E+05
2.3996E+02 2.6200E+05 1.3300E+05
2.4307E+02 2.6300E+05 1.3400E+05
2.4307E+02 2.6700E+05 1.3700E+05
2.5783E+02 2.6700E+05 1.3600E+05
2.6650E+02 2.7000E+05 1.3600E+05
2.6677E+02 2.7000E+05 1.3600E+05
2.6724E+02 2.7000E+05 1.3700E+05
2.6836E+02 2.7100E+05 1.3700E+05
2.8655E+02 2.5800E+05 1.3400E+05
2.8676E+02 2.5900E+05 1.3400E+05
2.9897E+02 2.6100E+05 1.3500E+05
3.3203E+02 2.8900E+05 1.4200E+05
3.3342E+02 2.9000E+05 1.4300E+05
3.3774E+02 2.9300E+05 1.4300E+05
3.3774E+02 2.9500E+05 1.4700E+05
3.5825E+02 2.9600E+05 1.4500E+05
3.7030E+02 2.9900E+05 1.4500E+05
3.7067E+02 2.9900E+05 1.4600E+05
3.7133E+02 2.9900E+05 1.4600E+05
3.7289E+02 3.0000E+05 1.4600E+05
3.9816E+02 2.8800E+05 1.4400E+05
3.9845E+02 2.8800E+05 1.4400E+05
4.1541E+02 2.9100E+05 1.4500E+05
4.6135E+02 3.2000E+05 1.5200E+05
4.6329E+02 3.2100E+05 1.5200E+05
4.6929E+02 3.2400E+05 1.5200E+05
4.6929E+02 3.2300E+05 1.5500E+05
4.9778E+02 3.2700E+05 1.5400E+05
5.1453E+02 3.3000E+05 1.5400E+05
5.1505E+02 3.3000E+05 1.5500E+05
5.1597E+02 3.3000E+05 1.5500E+05
5.1813E+02 3.3100E+05 1.5500E+05
5.5324E+02 3.1900E+05 1.5400E+05
5.5364E+02 3.2000E+05 1.5400E+05
5.7721E+02 3.2300E+05 1.5500E+05
6.4105E+02 3.5300E+05 1.6100E+05
6.4373E+02 3.5500E+05 1.6100E+05
6.5208E+02 3.5100E+05 1.6300E+05
6.5208E+02 3.5700E+05 1.6100E+05
6.9167E+02 3.6000E+05 1.6300E+05
7.6873E+02 3.5300E+05 1.6400E+05
7.6928E+02 3.5300E+05 1.6400E+05
8.0203E+02 3.5700E+05 1.6500E+05
8.9073E+02 3.8800E+05 1.7000E+05
8.9447E+02 3.9000E+05 1.7100E+05
9.0607E+02 3.7900E+05 1.7100E+05
9.0607E+02 3.9200E+05 1.7000E+05
9.6107E+02 3.9400E+05 1.7200E+05
1.0681E+03 3.8900E+05 1.7400E+05
1.0689E+03 3.8900E+05 1.7300E+05
1.1144E+03 3.9400E+05 1.7500E+05
1.2377E+03 4.2500E+05 1.7900E+05
1.2429E+03 4.2700E+05 1.7900E+05
1.2590E+03 4.3000E+05 1.7900E+05
1.2590E+03 4.1000E+05 1.7900E+05
1.3354E+03 4.3000E+05 1.8000E+05
1.4842E+03 4.2700E+05 1.8300E+05
1.4853E+03 4.2600E+05 1.8300E+05
1.5485E+03 4.3300E+05 1.8400E+05
1.7197E+03 4.6500E+05 1.8800E+05
1.7269E+03 4.6600E+05 1.8800E+05
1.7493E+03 4.4500E+05 1.8800E+05
1.7493E+03 4.7000E+05 1.8800E+05
1.8555E+03 4.6700E+05 1.8800E+05
2.0623E+03 4.6700E+05 1.9300E+05
2.0638E+03 4.6600E+05 1.9200E+05
2.1516E+03 4.7500E+05 1.9400E+05
2.3119E+03 4.9100E+05 1.9500E+05
2.3896E+03 5.0600E+05 1.9600E+05
2.3996E+03 5.0700E+05 1.9600E+05
2.4307E+03 4.8000E+05 1.9500E+05
2.4307E+03 5.1100E+05 1.9500E+05
2.5783E+03 5.0600E+05 1.9500E+05
2.8655E+03 5.0900E+05 2.0100E+05
2.8676E+03 5.0800E+05 2.0100E+05
2.9897E+03 5.1900E+05 2.0300E+05
3.2124E+03 5.3500E+05 2.0600E+05
3.3203E+03 5.4800E+05 2.0300E+05
3.3342E+03 5.5000E+05 2.0300E+05
3.3774E+03 5.5400E+05 2.0200E+05
3.3774E+03 5.2100E+05 2.0400E+05
3.5825E+03 5.4700E+05 2.0100E+05
3.9816E+03 5.5300E+05 2.0900E+05
3.9845E+03 5.5300E+05 2.1000E+05
4.1541E+03 5.6400E+05 2.1100E+05
4.4636E+03 5.8100E+05 2.1500E+05
4.6135E+03 5.9200E+05 2.0800E+05
4.6329E+03 5.9400E+05 2.0800E+05
4.6929E+03 5.6000E+05 2.1100E+05
4.6929E+03 5.9800E+05 2.0700E+05
4.9778E+03 5.8800E+05 2.0600E+05
5.5324E+03 5.9900E+05 2.1700E+05
5.5364E+03 5.9900E+05 2.1700E+05
5.7721E+03 6.1100E+05 2.1800E+05
6.2021E+03 6.2600E+05 2.1900E+05
6.4105E+03 6.3700E+05 2.1200E+05
6.4373E+03 6.3900E+05 2.1200E+05
6.5208E+03 6.4200E+05 2.1000E+05
6.5208E+03 6.0100E+05 2.1700E+05
6.9167E+03 6.2900E+05 2.0900E+05
7.6873E+03 6.4700E+05 2.2200E+05
7.6928E+03 6.4700E+05 2.2200E+05
8.0203E+03 6.6000E+05 2.2400E+05
8.6178E+03 6.7500E+05 2.2400E+05
9.0607E+03 6.4400E+05 2.2300E+05
1.0681E+04 6.9700E+05 2.2700E+05
1.0689E+04 6.9600E+05 2.2600E+05
1.1144E+04 7.1100E+05 2.2700E+05
1.1974E+04 7.2500E+05 2.2900E+05
1.2590E+04 6.8800E+05 2.2700E+05
1.4842E+04 7.4700E+05 2.2900E+05
1.4853E+04 7.4700E+05 2.2900E+05
1.5485E+04 7.6200E+05 2.3000E+05
1.6638E+04 7.7600E+05 2.3100E+05
1.7493E+04 7.3200E+05 2.3000E+05
2.0623E+04 7.9800E+05 2.3000E+05
2.0638E+04 7.9800E+05 2.3000E+05
2.1516E+04 8.1300E+05 2.3000E+05
2.3119E+04 8.2700E+05 2.2900E+05
2.4307E+04 7.7300E+05 2.3000E+05
2.8655E+04 8.4800E+05 2.2900E+05
2.8676E+04 8.4800E+05 2.2900E+05
2.9897E+04 8.6400E+05 2.2800E+05
3.2124E+04 8.7600E+05 2.2800E+05
3.3774E+04 8.1600E+05 2.3100E+05
3.9816E+04 8.9700E+05 2.2600E+05
3.9845E+04 8.9700E+05 2.2600E+05
4.1541E+04 9.1300E+05 2.2500E+05
4.4636E+04 9.2600E+05 2.2400E+05
4.6929E+04 8.5700E+05 2.2900E+05
5.5324E+04 9.4400E+05 2.2200E+05
5.5364E+04 9.4400E+05 2.2200E+05
5.7721E+04 9.5900E+05 2.2100E+05
6.2021E+04 9.7200E+05 2.1900E+05
6.5208E+04 8.9600E+05 2.2700E+05
7.6873E+04 9.8700E+05 2.1900E+05
7.6928E+04 9.8700E+05 2.1900E+05
8.0203E+04 1.0000E+06 2.1700E+05
8.6178E+04 1.0200E+06 2.1600E+05
9.0607E+04 9.3400E+05 2.2300E+05
1.0700E+05 1.0300E+06 2.1600E+05
1.0700E+05 1.0300E+06 2.1600E+05
1.1100E+05 1.0400E+06 2.1600E+05
1.2000E+05 1.0600E+06 2.1500E+05
1.2600E+05 9.7000E+05 2.1900E+05
1.4800E+05 1.0800E+06 2.1600E+05
1.4800E+05 1.0600E+06 2.1500E+05
1.4900E+05 1.0600E+06 2.1500E+05
1.5500E+05 1.0800E+06 2.1600E+05
1.6600E+05 1.1000E+06 2.1500E+05
2.0600E+05 1.1200E+06 2.1700E+05
2.3100E+05 1.1300E+06 2.2100E+05
2.8600E+05 1.1500E+06 2.2800E+05
3.2100E+05 1.1700E+06 2.3400E+05
3.9700E+05 1.1900E+06 2.5300E+05
4.4600E+05 1.2100E+06 2.5300E+05
5.5200E+05 1.2300E+06 2.6900E+05
6.2000E+05 1.2500E+06 2.8000E+05
7.6700E+05 1.2700E+06 3.0300E+05
8.6200E+05 1.2900E+06 3.1900E+05
1.0700E+06 1.3200E+06 3.5000E+05
1.2000E+06 1.3300E+06 3.7100E+05
1.4800E+06 1.3700E+06 4.1200E+05
1.6600E+06 1.4100E+06 4.2100E+05
1.6600E+06 1.3900E+06 4.3800E+05
2.0600E+06 1.4300E+06 4.9000E+05
2.3000E+06 1.4700E+06 4.9700E+05
2.3100E+06 1.4500E+06 5.2300E+05
2.8600E+06 1.5000E+06 5.8900E+05
3.2000E+06 1.5400E+06 6.0900E+05
3.9700E+06 1.5800E+06 7.1800E+05
4.4500E+06 1.5900E+06 7.6300E+05
5.5200E+06 1.6900E+06 8.7900E+05
6.1800E+06 1.7300E+06 9.2800E+05
7.6700E+06 1.8200E+06 1.0800E+06
8.5900E+06 1.8500E+06 1.1400E+06
1.0700E+07 1.9700E+06 1.3300E+06
1.1900E+07 2.0200E+06 1.4100E+06
1.4800E+07 2.1600E+06 1.6300E+06
1.6600E+07 2.3400E+06 1.8300E+06
2.0600E+07 2.3900E+06 2.0200E+06
2.3000E+07 2.5000E+06 2.2400E+06
2.8600E+07 2.6700E+06 2.5000E+06
3.2000E+07 2.7800E+06 2.7800E+06
3.9700E+07 3.0000E+06 3.1100E+06
4.4500E+07 3.1300E+06 3.4800E+06
5.5200E+07 3.4000E+06 3.8800E+06
6.1800E+07 3.5300E+06 4.3600E+06
7.6700E+07 3.8800E+06 4.8500E+06
8.5900E+07 4.0400E+06 5.5100E+06
1.0700E+08 4.4800E+06 6.1200E+06
1.1900E+08 4.6600E+06 6.9800E+06
1.4800E+08 5.2500E+06 7.7700E+06
1.6600E+08 5.4600E+06 8.8900E+06
2.3000E+08 6.4800E+06 1.1400E+07
3.2000E+08 7.8200E+06 1.4700E+07
4.4500E+08 9.6700E+06 1.8900E+07
6.1800E+08 1.2400E+07 2.4400E+07
8.5900E+08 1.6300E+07 3.1200E+07
1.1900E+09 2.2200E+07 3.9900E+07
1.6600E+09 3.0900E+07 5.0000E+07
2.3000E+09 4.4700E+07 6.1400E+07
  
