3.0600E-04 1.1255E+02 9.9551E+02
4.8500E-04 2.3561E+02 1.5264E+03
7.6900E-04 4.7637E+02 2.2728E+03
1.2200E-03 9.3729E+02 3.3094E+03
1.6100E-03 1.3648E+03 4.0622E+03
1.9300E-03 1.7700E+03 4.6680E+03
2.2300E-03 2.1260E+03 5.1462E+03
3.0600E-03 3.1058E+03 6.2720E+03
3.1000E-03 3.1831E+03 6.3269E+03
4.3100E-03 4.5416E+03 7.5788E+03
4.8500E-03 5.0774E+03 8.0108E+03
5.9800E-03 6.2183E+03 8.8394E+03
7.6900E-03 7.6147E+03 9.7785E+03
8.3100E-03 8.1540E+03 1.0096E+04
1.1550E-02 1.0325E+04 1.1346E+04
1.2190E-02 1.0614E+04 1.1531E+04
1.5390E-02 1.2554E+04 1.2652E+04
1.6050E-02 1.2645E+04 1.2631E+04
1.9320E-02 1.3976E+04 1.3396E+04
2.1380E-02 1.5146E+04 1.4013E+04
2.2300E-02 1.5141E+04 1.3999E+04
2.9710E-02 1.7904E+04 1.5517E+04
3.0620E-02 1.7665E+04 1.5582E+04
3.0990E-02 1.7815E+04 1.5590E+04
3.6850E-02 2.0087E+04 1.6708E+04
4.1280E-02 2.0779E+04 1.7291E+04
4.3060E-02 2.0681E+04 1.7457E+04
4.8530E-02 2.1803E+04 1.8317E+04
5.1210E-02 2.3290E+04 1.8639E+04
5.7360E-02 2.3986E+04 1.9402E+04
5.9840E-02 2.3913E+04 1.9774E+04
7.1150E-02 2.6717E+04 2.0863E+04
7.6920E-02 2.6567E+04 2.1923E+04
7.9700E-02 2.7509E+04 2.1991E+04
8.3140E-02 2.7453E+04 2.2527E+04
9.8860E-02 3.0498E+04 2.3627E+04
9.8880E-02 3.0824E+04 2.3806E+04
9.9280E-02 3.0585E+04 2.3678E+04
9.9550E-02 3.0824E+04 2.3806E+04
9.9570E-02 3.0625E+04 2.3731E+04
1.0000E-01 3.0780E+04 2.3780E+04
1.0319E-01 3.1357E+04 2.4063E+04
1.1075E-01 3.1511E+04 2.5153E+04
1.1553E-01 3.1570E+04 2.5904E+04
1.2191E-01 3.2322E+04 2.6656E+04
1.3737E-01 3.4815E+04 2.7012E+04
1.3740E-01 3.5194E+04 2.7222E+04
1.3795E-01 3.4981E+04 2.7108E+04
1.3833E-01 3.5194E+04 2.7222E+04
1.3835E-01 3.4970E+04 2.7092E+04
1.3895E-01 3.5152E+04 2.7166E+04
1.4338E-01 3.5798E+04 2.7507E+04
1.5388E-01 3.6161E+04 2.8960E+04
1.6052E-01 3.6376E+04 2.9959E+04
1.9087E-01 3.9829E+04 3.1081E+04
1.9091E-01 4.0189E+04 3.1317E+04
1.9169E-01 3.9975E+04 3.1160E+04
1.9221E-01 4.0189E+04 3.1317E+04
1.9224E-01 4.0027E+04 3.1183E+04
1.9307E-01 4.0196E+04 3.1263E+04
1.9322E-01 3.9529E+04 3.2724E+04
1.9923E-01 4.0902E+04 3.1630E+04
2.1382E-01 4.1585E+04 3.3460E+04
2.2304E-01 4.2138E+04 3.4722E+04
2.6522E-01 4.5741E+04 3.5853E+04
2.6527E-01 4.6236E+04 3.6085E+04
2.6635E-01 4.5928E+04 3.5980E+04
2.6707E-01 4.6236E+04 3.6085E+04
2.6711E-01 4.5987E+04 3.5977E+04
2.6827E-01 4.6151E+04 3.6115E+04
2.7683E-01 4.6939E+04 3.6539E+04
2.9710E-01 4.8111E+04 3.8707E+04
3.0623E-01 4.8802E+04 4.0154E+04
3.0992E-01 4.8986E+04 4.0150E+04
3.6852E-01 5.2809E+04 4.1389E+04
3.6860E-01 5.3290E+04 4.1708E+04
3.7009E-01 5.2944E+04 4.1478E+04
3.7109E-01 5.3290E+04 4.1708E+04
3.7115E-01 5.3085E+04 4.1563E+04
3.7276E-01 5.3290E+04 4.1671E+04
3.8465E-01 5.4184E+04 4.2161E+04
4.1282E-01 5.6031E+04 4.4654E+04
4.3063E-01 5.7204E+04 4.6181E+04
4.8535E-01 6.0739E+04 4.8798E+04
5.1206E-01 6.1265E+04 4.7598E+04
5.1217E-01 6.1831E+04 4.7876E+04
5.1424E-01 6.1433E+04 4.7692E+04
5.1563E-01 6.1831E+04 4.7876E+04
5.1571E-01 6.1545E+04 4.7782E+04
5.1795E-01 6.1812E+04 4.7922E+04
5.3447E-01 6.2820E+04 4.8442E+04
5.7361E-01 6.5323E+04 5.1101E+04
5.9836E-01 6.6921E+04 5.2635E+04
7.0475E-01 7.0954E+04 5.3726E+04
7.0581E-01 7.0861E+04 5.3679E+04
7.1150E-01 7.1260E+04 5.4367E+04
7.1165E-01 7.1926E+04 5.4703E+04
7.1453E-01 7.1548E+04 5.4550E+04
7.1647E-01 7.1926E+04 5.4703E+04
7.1658E-01 7.1560E+04 5.4589E+04
7.1969E-01 7.1889E+04 5.4697E+04
7.4264E-01 7.3028E+04 5.5250E+04
7.6922E-01 7.5741E+04 5.8174E+04
7.9703E-01 7.6210E+04 5.7907E+04
8.3142E-01 7.8355E+04 5.9422E+04
9.7924E-01 8.2522E+04 6.1146E+04
9.8072E-01 8.2434E+04 6.1023E+04
9.8863E-01 8.2907E+04 6.1460E+04
9.8884E-01 8.3658E+04 6.1824E+04
9.9284E-01 8.3275E+04 6.1646E+04
9.9553E-01 8.3658E+04 6.1824E+04
9.9568E-01 8.3388E+04 6.1645E+04
1.0000E+00 8.3641E+04 6.1813E+04
1.0319E+00 8.4935E+04 6.2383E+04
1.1075E+00 8.8775E+04 6.4848E+04
1.1553E+00 9.1331E+04 6.6279E+04
1.2191E+00 9.3825E+04 6.7815E+04
1.3607E+00 9.5818E+04 6.8619E+04
1.3627E+00 9.5708E+04 6.8510E+04
1.3737E+00 9.6424E+04 6.8690E+04
1.3740E+00 9.7222E+04 6.9024E+04
1.3796E+00 9.6773E+04 6.8862E+04
1.3833E+00 9.7222E+04 6.9024E+04
1.3835E+00 9.6801E+04 6.8900E+04
1.3895E+00 9.7222E+04 6.9037E+04
1.4338E+00 9.8648E+04 6.9623E+04
1.5388E+00 1.0300E+05 7.1881E+04
1.6052E+00 1.0600E+05 7.3078E+04
1.8906E+00 1.1100E+05 7.6027E+04
1.8935E+00 1.1100E+05 7.6156E+04
1.9087E+00 1.1200E+05 7.5908E+04
1.9091E+00 1.1200E+05 7.6195E+04
1.9169E+00 1.1200E+05 7.5963E+04
1.9221E+00 1.1200E+05 7.6195E+04
1.9224E+00 1.1200E+05 7.6141E+04
1.9307E+00 1.1200E+05 7.6173E+04
1.9322E+00 1.1500E+05 7.7370E+04
1.9923E+00 1.1400E+05 7.6854E+04
2.1382E+00 1.1900E+05 7.8828E+04
2.2304E+00 1.2200E+05 7.9857E+04
2.6270E+00 1.2800E+05 8.3440E+04
2.6310E+00 1.2800E+05 8.3450E+04
2.6522E+00 1.2800E+05 8.3013E+04
2.6528E+00 1.2900E+05 8.3293E+04
2.6635E+00 1.2800E+05 8.2970E+04
2.6707E+00 1.2900E+05 8.3293E+04
2.6711E+00 1.2900E+05 8.3250E+04
2.6827E+00 1.2900E+05 8.3246E+04
2.7683E+00 1.3100E+05 8.3967E+04
2.9710E+00 1.3600E+05 8.5641E+04
3.0623E+00 1.3800E+05 8.6485E+04
3.0992E+00 1.3900E+05 8.6513E+04
3.6502E+00 1.4600E+05 9.0688E+04
3.6557E+00 1.4600E+05 9.0825E+04
3.6852E+00 1.4600E+05 8.9964E+04
3.6860E+00 1.4700E+05 9.0266E+04
3.7009E+00 1.4700E+05 8.9959E+04
3.7109E+00 1.4700E+05 9.0266E+04
3.7115E+00 1.4700E+05 9.0237E+04
3.7276E+00 1.4700E+05 9.0203E+04
3.8465E+00 1.4900E+05 9.0877E+04
4.1282E+00 1.5500E+05 9.2450E+04
4.3063E+00 1.5700E+05 9.2935E+04
5.0720E+00 1.6600E+05 9.7826E+04
5.0796E+00 1.6600E+05 9.7966E+04
5.1206E+00 1.6600E+05 9.6801E+04
5.1217E+00 1.6700E+05 9.7113E+04
5.1424E+00 1.6600E+05 9.6833E+04
5.1563E+00 1.6700E+05 9.7113E+04
5.1571E+00 1.6700E+05 9.7040E+04
5.1795E+00 1.6700E+05 9.7095E+04
5.3447E+00 1.6900E+05 9.7699E+04
5.7361E+00 1.7500E+05 9.9262E+04
7.0475E+00 1.8700E+05 1.0500E+05
7.0581E+00 1.8700E+05 1.0500E+05
7.1150E+00 1.8700E+05 1.0400E+05
7.1165E+00 1.8800E+05 1.0400E+05
7.1453E+00 1.8700E+05 1.0400E+05
7.1647E+00 1.8800E+05 1.0400E+05
7.1658E+00 1.8800E+05 1.0400E+05
7.1969E+00 1.8800E+05 1.0400E+05
7.4264E+00 1.9000E+05 1.0500E+05
7.9703E+00 1.9500E+05 1.0600E+05
9.6735E+00 2.0600E+05 1.1200E+05
9.7118E+00 2.0600E+05 1.1200E+05
9.7924E+00 2.1000E+05 1.1200E+05
9.8072E+00 2.1000E+05 1.1200E+05
9.8863E+00 2.0900E+05 1.1100E+05
9.8884E+00 2.1000E+05 1.1100E+05
9.9284E+00 2.0900E+05 1.1100E+05
9.9553E+00 2.1000E+05 1.1100E+05
9.9568E+00 2.1000E+05 1.1100E+05
1.0000E+01 2.1000E+05 1.1100E+05
1.0319E+01 2.1200E+05 1.1200E+05
1.1075E+01 2.1800E+05 1.1300E+05
1.3441E+01 2.3100E+05 1.1900E+05
1.3495E+01 2.3100E+05 1.1900E+05
1.3607E+01 2.3400E+05 1.1900E+05
1.3627E+01 2.3400E+05 1.1900E+05
1.3737E+01 2.3300E+05 1.1800E+05
1.3740E+01 2.3400E+05 1.1800E+05
1.3796E+01 2.3300E+05 1.1800E+05
1.3833E+01 2.3400E+05 1.1800E+05
1.3835E+01 2.3300E+05 1.1800E+05
1.3895E+01 2.3400E+05 1.1800E+05
1.4338E+01 2.3600E+05 1.1900E+05
1.5388E+01 2.4100E+05 1.2000E+05
1.8677E+01 2.5600E+05 1.2600E+05
1.8751E+01 2.5700E+05 1.2600E+05
1.8906E+01 2.5900E+05 1.2600E+05
1.8935E+01 2.5900E+05 1.2600E+05
1.9087E+01 2.5800E+05 1.2500E+05
1.9091E+01 2.5900E+05 1.2500E+05
1.9169E+01 2.5800E+05 1.2500E+05
1.9221E+01 2.5900E+05 1.2500E+05
1.9224E+01 2.5900E+05 1.2500E+05
1.9307E+01 2.5900E+05 1.2500E+05
1.9923E+01 2.6100E+05 1.2600E+05
2.5951E+01 2.8300E+05 1.3400E+05
2.6054E+01 2.8400E+05 1.3400E+05
2.6270E+01 2.8600E+05 1.3300E+05
2.6310E+01 2.8600E+05 1.3300E+05
2.6522E+01 2.8400E+05 1.3200E+05
2.6528E+01 2.8600E+05 1.3300E+05
2.6635E+01 2.8400E+05 1.3200E+05
2.6707E+01 2.8600E+05 1.3300E+05
2.6711E+01 2.8500E+05 1.3200E+05
2.6827E+01 2.8600E+05 1.3300E+05
2.7683E+01 2.8800E+05 1.3300E+05
3.6059E+01 3.1200E+05 1.4100E+05
3.6202E+01 3.1300E+05 1.4100E+05
3.6502E+01 3.1400E+05 1.4100E+05
3.6557E+01 3.1400E+05 1.4100E+05
3.6852E+01 3.1200E+05 1.4000E+05
3.6860E+01 3.1400E+05 1.4000E+05
3.7009E+01 3.1300E+05 1.4000E+05
3.7109E+01 3.1400E+05 1.4000E+05
3.7115E+01 3.1300E+05 1.4000E+05
3.7276E+01 3.1400E+05 1.4000E+05
3.8465E+01 3.1600E+05 1.4100E+05
5.0104E+01 3.4200E+05 1.4800E+05
5.0302E+01 3.4300E+05 1.4900E+05
5.0720E+01 3.4400E+05 1.4900E+05
5.0796E+01 3.4400E+05 1.4900E+05
5.1206E+01 3.4200E+05 1.4800E+05
5.1217E+01 3.4300E+05 1.4800E+05
5.1424E+01 3.4200E+05 1.4800E+05
5.1563E+01 3.4300E+05 1.4800E+05
5.1571E+01 3.4200E+05 1.4800E+05
5.1795E+01 3.4300E+05 1.4800E+05
5.3447E+01 3.4600E+05 1.4900E+05
6.9619E+01 3.7400E+05 1.5700E+05
6.9894E+01 3.7400E+05 1.5700E+05
7.0475E+01 3.7600E+05 1.5700E+05
7.0581E+01 3.7600E+05 1.5700E+05
7.1150E+01 3.7200E+05 1.5600E+05
7.1165E+01 3.7400E+05 1.5600E+05
7.1453E+01 3.7300E+05 1.5600E+05
7.1647E+01 3.7400E+05 1.5600E+05
7.1658E+01 3.7300E+05 1.5600E+05
7.1969E+01 3.7400E+05 1.5600E+05
7.4264E+01 3.7700E+05 1.5700E+05
9.6735E+01 4.0800E+05 1.6400E+05
9.7118E+01 4.0800E+05 1.6500E+05
9.7924E+01 4.1000E+05 1.6500E+05
9.8072E+01 4.1000E+05 1.6500E+05
9.8863E+01 4.0500E+05 1.6400E+05
9.8884E+01 4.0700E+05 1.6400E+05
9.9284E+01 4.0600E+05 1.6400E+05
9.9553E+01 4.0700E+05 1.6400E+05
9.9568E+01 4.0600E+05 1.6400E+05
1.0000E+02 4.0600E+05 1.6400E+05
1.0319E+02 4.1000E+05 1.6500E+05
1.3441E+02 4.4300E+05 1.7300E+05
1.3495E+02 4.4300E+05 1.7300E+05
1.3607E+02 4.4500E+05 1.7300E+05
1.3627E+02 4.4500E+05 1.7400E+05
1.4344E+02 4.5500E+05 1.7400E+05
1.4565E+02 4.5600E+05 1.7400E+05
1.8677E+02 4.8000E+05 1.8100E+05
1.8751E+02 4.7900E+05 1.8100E+05
1.8906E+02 4.8200E+05 1.8200E+05
1.8935E+02 4.8200E+05 1.8200E+05
1.9932E+02 4.9200E+05 1.8300E+05
2.0237E+02 4.9400E+05 1.8200E+05
2.5951E+02 5.1800E+05 1.9000E+05
2.6054E+02 5.1900E+05 1.9000E+05
2.6270E+02 5.2100E+05 1.9100E+05
2.6310E+02 5.2100E+05 1.9100E+05
2.7695E+02 5.3300E+05 1.9100E+05
2.8120E+02 5.3400E+05 1.9100E+05
3.6059E+02 5.5900E+05 1.9800E+05
3.6202E+02 5.6000E+05 1.9900E+05
3.6502E+02 5.6100E+05 1.9900E+05
3.6557E+02 5.6200E+05 1.9900E+05
3.8482E+02 5.7400E+05 2.0000E+05
3.9072E+02 5.7500E+05 1.9900E+05
5.0104E+02 6.0200E+05 2.0600E+05
5.0302E+02 6.0300E+05 2.0700E+05
5.0720E+02 6.0400E+05 2.0700E+05
5.0796E+02 6.0600E+05 2.1000E+05
5.3470E+02 6.1700E+05 2.0800E+05
5.4291E+02 6.1800E+05 2.0700E+05
6.9619E+02 6.4700E+05 2.1500E+05
6.9894E+02 6.4800E+05 2.1500E+05
7.0475E+02 6.4700E+05 2.1400E+05
7.0581E+02 6.4900E+05 2.1400E+05
7.4296E+02 6.6400E+05 2.1500E+05
7.5437E+02 6.6300E+05 2.1600E+05
9.6735E+02 6.9400E+05 2.2200E+05
9.7118E+02 6.9500E+05 2.2200E+05
1.0323E+03 7.0900E+05 2.2200E+05
1.0482E+03 7.1100E+05 2.2300E+05
1.3441E+03 7.4300E+05 2.2800E+05
1.3495E+03 7.4400E+05 2.2800E+05
1.4344E+03 7.5900E+05 2.2800E+05
1.4565E+03 7.6000E+05 2.2900E+05
1.8677E+03 7.9300E+05 2.3300E+05
1.8751E+03 7.9500E+05 2.3400E+05
1.9932E+03 8.1000E+05 2.3400E+05
2.0237E+03 8.1100E+05 2.3300E+05
2.3931E+03 8.4400E+05 2.3600E+05
2.4326E+03 8.4500E+05 2.3700E+05
2.5951E+03 8.4500E+05 2.3600E+05
2.6054E+03 8.4700E+05 2.3700E+05
2.7695E+03 8.6200E+05 2.3700E+05
2.8120E+03 8.6300E+05 2.3600E+05
3.3252E+03 8.9400E+05 2.3900E+05
3.3801E+03 8.9800E+05 2.3800E+05
3.6059E+03 8.9800E+05 2.3700E+05
3.6202E+03 8.9900E+05 2.3800E+05
3.8482E+03 9.1400E+05 2.3700E+05
3.9072E+03 9.1500E+05 2.3700E+05
4.6204E+03 9.4700E+05 2.3900E+05
4.6966E+03 9.5400E+05 2.3800E+05
5.0104E+03 9.4900E+05 2.3600E+05
5.0302E+03 9.5100E+05 2.3700E+05
5.3470E+03 9.6700E+05 2.3600E+05
5.4291E+03 9.6900E+05 2.3600E+05
6.4200E+03 1.0000E+06 2.3600E+05
6.5259E+03 1.0100E+06 2.3700E+05
6.9619E+03 9.9900E+05 2.3300E+05
6.9894E+03 1.0000E+06 2.3400E+05
7.4296E+03 1.0200E+06 2.3200E+05
7.5437E+03 1.0200E+06 2.3200E+05
8.9206E+03 1.0500E+06 2.3300E+05
9.0677E+03 1.0600E+06 2.3200E+05
9.6735E+03 1.0500E+06 2.2600E+05
9.7118E+03 1.0500E+06 2.2700E+05
1.0323E+04 1.0700E+06 2.2700E+05
1.0482E+04 1.0700E+06 2.2600E+05
1.2395E+04 1.1100E+06 2.2500E+05
1.2600E+04 1.1100E+06 2.2500E+05
1.4344E+04 1.1200E+06 2.1900E+05
1.4565E+04 1.1200E+06 2.1900E+05
1.7223E+04 1.1500E+06 2.1700E+05
1.7507E+04 1.1600E+06 2.1700E+05
1.9932E+04 1.1600E+06 2.1100E+05
2.0237E+04 1.1600E+06 2.1000E+05
2.3931E+04 1.2000E+06 2.0900E+05
2.4326E+04 1.2000E+06 2.0800E+05
2.7695E+04 1.2000E+06 2.0300E+05
2.8120E+04 1.2100E+06 2.0300E+05
3.3252E+04 1.2400E+06 2.0100E+05
3.3801E+04 1.2400E+06 2.0000E+05
3.8482E+04 1.2400E+06 1.9600E+05
3.9072E+04 1.2400E+06 1.9600E+05
4.6204E+04 1.2800E+06 1.9500E+05
4.6966E+04 1.2800E+06 1.9500E+05
5.3470E+04 1.2800E+06 1.9200E+05
5.4291E+04 1.2800E+06 1.9200E+05
6.4200E+04 1.3100E+06 1.9200E+05
6.5259E+04 1.3100E+06 1.9100E+05
7.4296E+04 1.3100E+06 1.9100E+05
7.5437E+04 1.3100E+06 1.9100E+05
8.9206E+04 1.3500E+06 1.9000E+05
9.0677E+04 1.3500E+06 1.9000E+05
1.0300E+05 1.3400E+06 1.9300E+05
1.0500E+05 1.3500E+06 1.9300E+05
1.2400E+05 1.3800E+06 1.9300E+05
1.2600E+05 1.3800E+06 1.9400E+05
1.4300E+05 1.3700E+06 1.9800E+05
1.4600E+05 1.3800E+06 1.9800E+05
1.7200E+05 1.4100E+06 2.0000E+05
1.7500E+05 1.4100E+06 2.0000E+05
2.0800E+05 1.4300E+06 2.1000E+05
2.3900E+05 1.4500E+06 2.1300E+05
2.4300E+05 1.4500E+06 2.1300E+05
2.8900E+05 1.4600E+06 2.2800E+05
3.3300E+05 1.4800E+06 2.3200E+05
3.3800E+05 1.4800E+06 2.3400E+05
4.0200E+05 1.5000E+06 2.5100E+05
4.6200E+05 1.5100E+06 2.6000E+05
4.7000E+05 1.5100E+06 2.6200E+05
5.5800E+05 1.5300E+06 2.8400E+05
6.4200E+05 1.5500E+06 3.0000E+05
6.5300E+05 1.5500E+06 3.0100E+05
7.7600E+05 1.5700E+06 3.3000E+05
8.9200E+05 1.5900E+06 3.5200E+05
9.0700E+05 1.5900E+06 3.5500E+05
1.0800E+06 1.6200E+06 3.9000E+05
1.2400E+06 1.6400E+06 4.2000E+05
1.2600E+06 1.6400E+06 4.2400E+05
1.5000E+06 1.6800E+06 4.6900E+05
1.7200E+06 1.7000E+06 5.0900E+05
1.7500E+06 1.7000E+06 5.1500E+05
2.0800E+06 1.7400E+06 5.7000E+05
2.3900E+06 1.7700E+06 6.1900E+05
2.4300E+06 1.7700E+06 6.2800E+05
2.8900E+06 1.8300E+06 6.9800E+05
3.5200E+06 1.9000E+06 8.0800E+05
4.0200E+06 1.9300E+06 8.5600E+05
4.8900E+06 2.0100E+06 9.7600E+05
5.5800E+06 2.0600E+06 1.0600E+06
6.7900E+06 2.1600E+06 1.1900E+06
7.7600E+06 2.2100E+06 1.3000E+06
9.4400E+06 2.3300E+06 1.4700E+06
1.0800E+07 2.3900E+06 1.6000E+06
1.3100E+07 2.5300E+06 1.8200E+06
1.5000E+07 2.6200E+06 1.9700E+06
1.8200E+07 2.7600E+06 2.2600E+06
2.0800E+07 2.8900E+06 2.4500E+06
2.5300E+07 3.0700E+06 2.8200E+06
2.8900E+07 3.2200E+06 3.0300E+06
3.5200E+07 3.4200E+06 3.5400E+06
4.0200E+07 3.6200E+06 3.7700E+06
4.8900E+07 3.8600E+06 4.4400E+06
5.5800E+07 4.0900E+06 4.7000E+06
6.7900E+07 4.3900E+06 5.6000E+06
7.7600E+07 4.6600E+06 5.8800E+06
9.4400E+07 5.0100E+06 7.0600E+06
1.0800E+08 5.3500E+06 7.4100E+06
1.3100E+08 5.7900E+06 8.9600E+06
1.5000E+08 6.2200E+06 9.3700E+06
1.8200E+08 6.7800E+06 1.1500E+07
2.0800E+08 7.3200E+06 1.1900E+07
2.5300E+08 8.0400E+06 1.4700E+07
3.5200E+08 9.7400E+06 1.9000E+07
4.8900E+08 1.2000E+07 2.4400E+07
6.7900E+08 1.5200E+07 3.1600E+07
9.4400E+08 1.9800E+07 4.0500E+07
1.3100E+09 2.6800E+07 5.2200E+07
1.8200E+09 3.6800E+07 6.5900E+07
2.5300E+09 5.1300E+07 8.1600E+07
3.5200E+09 7.3000E+07 9.8700E+07
  
