5.4100E-04 1.9117E+03 6.2427E+03
8.5700E-04 3.7408E+03 8.7683E+03
1.3600E-03 6.7202E+03 1.1512E+04
2.1500E-03 1.0827E+04 1.4028E+04
3.4100E-03 1.5780E+04 1.5970E+04
5.3900E-03 2.1106E+04 1.7308E+04
5.4100E-03 2.1174E+04 1.7319E+04
6.7900E-03 2.3855E+04 1.7797E+04
8.5500E-03 2.6575E+04 1.8230E+04
8.5700E-03 2.6665E+04 1.8271E+04
9.9800E-03 3.0855E+04 1.9025E+04
1.0000E-02 3.0917E+04 1.9064E+04
1.0760E-02 2.9366E+04 1.8614E+04
1.3550E-02 3.2102E+04 1.9007E+04
1.3580E-02 3.2216E+04 1.9012E+04
1.3870E-02 3.4835E+04 1.9461E+04
1.3890E-02 3.4906E+04 1.9500E+04
1.7050E-02 3.4810E+04 1.9379E+04
1.9270E-02 3.8861E+04 1.9896E+04
1.9280E-02 3.7787E+04 1.9355E+04
1.9310E-02 3.8940E+04 1.9936E+04
2.1470E-02 3.7561E+04 1.9844E+04
2.1530E-02 3.7662E+04 1.9918E+04
2.6770E-02 4.2892E+04 2.0516E+04
2.6790E-02 4.1589E+04 2.0041E+04
2.6830E-02 4.2979E+04 2.0558E+04
2.7030E-02 4.0317E+04 2.0364E+04
3.4030E-02 4.3073E+04 2.0999E+04
3.4120E-02 4.3157E+04 2.1028E+04
3.7200E-02 4.6897E+04 2.1297E+04
3.7230E-02 4.5460E+04 2.0944E+04
3.7280E-02 4.6992E+04 2.1340E+04
4.2840E-02 4.5843E+04 2.1744E+04
5.1690E-02 5.1017E+04 2.2387E+04
5.1730E-02 4.9424E+04 2.2134E+04
5.1790E-02 5.1121E+04 2.2433E+04
5.3930E-02 4.8667E+04 2.2624E+04
5.4070E-02 4.8796E+04 2.2666E+04
6.7890E-02 5.1589E+04 2.3730E+04
7.1820E-02 5.5207E+04 2.3828E+04
7.1870E-02 5.3564E+04 2.3742E+04
7.1970E-02 5.5320E+04 2.3877E+04
8.5470E-02 5.4639E+04 2.5078E+04
8.5700E-02 5.4782E+04 2.5117E+04
9.9800E-02 5.9639E+04 2.5655E+04
9.9870E-02 5.7931E+04 2.5800E+04
1.0000E-01 5.9760E+04 2.5707E+04
1.0343E-01 6.0521E+04 2.5971E+04
1.0761E-01 5.7848E+04 2.6664E+04
1.3547E-01 6.1216E+04 2.8514E+04
1.3583E-01 6.1364E+04 2.8574E+04
1.3867E-01 6.4394E+04 2.8044E+04
1.3877E-01 6.2693E+04 2.8396E+04
1.3895E-01 6.4525E+04 2.8101E+04
1.4371E-01 6.5329E+04 2.8379E+04
1.7054E-01 6.4832E+04 3.0707E+04
1.9268E-01 6.9654E+04 3.1073E+04
1.9282E-01 6.7972E+04 3.1654E+04
1.9307E-01 6.9796E+04 3.1136E+04
1.9968E-01 7.0604E+04 3.1480E+04
2.1470E-01 6.8766E+04 3.3209E+04
2.1527E-01 6.8937E+04 3.3306E+04
2.6773E-01 7.5516E+04 3.4772E+04
2.6792E-01 7.3960E+04 3.5592E+04
2.6827E-01 7.5669E+04 3.4843E+04
2.7029E-01 7.3086E+04 3.6102E+04
2.7746E-01 7.6563E+04 3.5231E+04
3.4028E-01 7.7843E+04 3.9363E+04
3.4118E-01 7.7997E+04 3.9433E+04
3.7200E-01 8.2180E+04 3.9183E+04
3.7227E-01 8.0904E+04 4.0199E+04
3.7276E-01 8.2347E+04 3.9263E+04
3.8553E-01 8.3398E+04 3.9701E+04
4.2838E-01 8.3139E+04 4.2960E+04
5.1690E-01 8.9935E+04 4.4220E+04
5.1727E-01 8.8966E+04 4.5526E+04
5.1795E-01 9.0118E+04 4.4310E+04
5.3569E-01 9.1318E+04 4.4902E+04
5.3930E-01 8.9064E+04 4.6941E+04
5.4073E-01 8.9249E+04 4.7023E+04
6.7894E-01 9.5640E+04 5.1199E+04
7.1823E-01 9.8945E+04 4.9997E+04
7.1875E-01 9.8322E+04 5.1356E+04
7.1969E-01 9.9146E+04 5.0098E+04
7.4075E-01 1.0100E+05 4.9383E+04
7.4434E-01 1.0000E+05 5.0696E+04
8.5474E-01 1.0300E+05 5.5730E+04
8.5700E-01 1.0300E+05 5.5833E+04
9.9797E-01 1.0900E+05 5.6217E+04
9.9870E-01 1.0900E+05 5.7655E+04
1.0000E+00 1.1000E+05 5.6332E+04
1.0293E+00 1.1200E+05 5.5733E+04
1.0343E+00 1.1100E+05 5.6964E+04
1.0761E+00 1.1100E+05 6.0442E+04
1.3547E+00 1.2000E+05 6.5326E+04
1.3583E+00 1.2000E+05 6.5448E+04
1.3867E+00 1.2100E+05 6.2766E+04
1.3877E+00 1.2200E+05 6.4205E+04
1.3895E+00 1.2200E+05 6.2893E+04
1.4302E+00 1.2400E+05 6.2364E+04
1.4371E+00 1.2300E+05 6.3526E+04
1.7054E+00 1.3000E+05 7.0285E+04
1.9268E+00 1.3500E+05 6.9441E+04
1.9282E+00 1.3600E+05 7.0845E+04
1.9307E+00 1.3500E+05 6.9582E+04
1.9872E+00 1.3700E+05 6.9271E+04
1.9968E+00 1.3700E+05 7.0233E+04
2.1470E+00 1.4000E+05 7.5293E+04
2.1527E+00 1.4000E+05 7.5393E+04
2.6773E+00 1.5000E+05 7.6215E+04
2.6792E+00 1.5100E+05 7.7522E+04
2.6827E+00 1.5100E+05 7.6370E+04
2.7029E+00 1.5100E+05 8.0280E+04
2.7612E+00 1.5200E+05 7.6165E+04
2.7746E+00 1.5300E+05 7.6985E+04
3.4028E+00 1.6300E+05 8.5287E+04
3.4118E+00 1.6400E+05 8.5365E+04
3.7200E+00 1.6700E+05 8.2792E+04
3.7227E+00 1.6800E+05 8.4092E+04
3.7276E+00 1.6700E+05 8.2960E+04
3.8367E+00 1.6900E+05 8.2996E+04
3.8553E+00 1.6900E+05 8.3599E+04
4.2838E+00 1.7600E+05 9.0135E+04
5.1690E+00 1.8500E+05 8.9275E+04
5.1727E+00 1.8600E+05 9.0606E+04
5.1795E+00 1.8600E+05 8.9457E+04
5.3311E+00 1.8700E+05 8.9897E+04
5.3569E+00 1.8800E+05 9.0114E+04
5.3930E+00 1.8900E+05 9.4883E+04
5.4073E+00 1.8900E+05 9.4934E+04
7.1823E+00 2.0500E+05 9.5772E+04
7.1875E+00 2.0600E+05 9.7163E+04
7.1969E+00 2.0500E+05 9.5966E+04
7.4075E+00 2.0700E+05 9.6508E+04
7.4434E+00 2.0700E+05 9.6689E+04
9.9797E+00 2.2500E+05 1.0200E+05
9.9870E+00 2.2600E+05 1.0400E+05
1.0000E+01 2.2600E+05 1.0200E+05
1.0145E+01 2.2500E+05 1.0300E+05
1.0198E+01 2.2600E+05 1.0300E+05
1.0293E+01 2.2800E+05 1.0300E+05
1.0343E+01 2.2800E+05 1.0300E+05
1.3867E+01 2.4700E+05 1.0900E+05
1.3877E+01 2.4800E+05 1.1000E+05
1.3895E+01 2.4800E+05 1.0900E+05
1.4097E+01 2.4700E+05 1.1000E+05
1.4170E+01 2.4800E+05 1.1000E+05
1.4302E+01 2.5000E+05 1.1000E+05
1.4371E+01 2.5000E+05 1.1000E+05
1.9268E+01 2.7000E+05 1.1500E+05
1.9282E+01 2.7000E+05 1.1700E+05
1.9307E+01 2.7100E+05 1.1600E+05
1.9588E+01 2.7100E+05 1.1700E+05
1.9690E+01 2.7100E+05 1.1600E+05
1.9872E+01 2.7300E+05 1.1600E+05
1.9968E+01 2.7400E+05 1.1600E+05
2.6773E+01 2.9400E+05 1.2200E+05
2.6827E+01 2.9500E+05 1.2200E+05
2.7217E+01 2.9600E+05 1.2300E+05
2.7359E+01 2.9600E+05 1.2300E+05
2.7612E+01 2.9800E+05 1.2300E+05
2.7746E+01 2.9800E+05 1.2300E+05
3.7200E+01 3.2000E+05 1.2900E+05
3.7276E+01 3.2100E+05 1.2900E+05
3.7818E+01 3.2200E+05 1.3000E+05
3.8015E+01 3.2300E+05 1.3000E+05
3.8367E+01 3.2400E+05 1.3000E+05
3.8553E+01 3.2400E+05 1.3000E+05
5.1690E+01 3.4700E+05 1.3700E+05
5.1795E+01 3.4800E+05 1.3700E+05
5.2548E+01 3.5000E+05 1.3700E+05
5.2822E+01 3.5100E+05 1.3700E+05
5.3311E+01 3.5200E+05 1.3700E+05
5.3569E+01 3.5100E+05 1.3800E+05
7.1823E+01 3.7500E+05 1.4400E+05
7.1969E+01 3.7600E+05 1.4400E+05
7.3015E+01 3.7900E+05 1.4400E+05
7.3395E+01 3.8000E+05 1.4400E+05
7.4075E+01 3.8100E+05 1.4400E+05
7.4434E+01 3.8000E+05 1.4500E+05
9.9797E+01 4.0500E+05 1.5100E+05
1.0000E+02 4.0600E+05 1.5200E+05
1.0145E+02 4.0900E+05 1.5100E+05
1.0198E+02 4.1100E+05 1.5100E+05
1.0293E+02 4.1100E+05 1.5200E+05
1.0343E+02 4.1000E+05 1.5200E+05
1.4097E+02 4.4200E+05 1.5900E+05
1.4170E+02 4.4300E+05 1.5900E+05
1.4302E+02 4.4400E+05 1.6000E+05
1.9588E+02 4.7500E+05 1.6700E+05
1.9690E+02 4.7600E+05 1.6700E+05
1.9872E+02 4.7700E+05 1.6800E+05
2.7217E+02 5.1100E+05 1.7500E+05
2.7359E+02 5.1200E+05 1.7500E+05
2.7612E+02 5.1300E+05 1.7600E+05
3.0006E+02 5.2800E+05 1.7800E+05
3.7818E+02 5.4800E+05 1.8300E+05
3.8015E+02 5.5000E+05 1.8400E+05
3.8367E+02 5.5000E+05 1.8400E+05
4.1693E+02 5.6700E+05 1.8500E+05
5.2548E+02 5.8800E+05 1.9100E+05
5.2822E+02 5.8900E+05 1.9200E+05
5.3311E+02 5.8900E+05 1.9200E+05
5.7932E+02 6.0700E+05 1.9400E+05
7.3015E+02 6.2900E+05 1.9900E+05
7.3395E+02 6.3100E+05 2.0000E+05
8.0496E+02 6.4900E+05 2.0200E+05
1.0145E+03 6.7200E+05 2.0700E+05
1.0198E+03 6.7300E+05 2.0700E+05
1.1185E+03 6.9400E+05 2.0900E+05
1.4097E+03 7.1800E+05 2.1400E+05
1.4170E+03 7.1900E+05 2.1400E+05
1.5541E+03 7.4000E+05 2.1700E+05
1.9588E+03 7.6400E+05 2.2000E+05
1.9690E+03 7.6600E+05 2.2100E+05
2.1595E+03 7.8700E+05 2.2200E+05
2.7217E+03 8.1200E+05 2.2500E+05
2.7359E+03 8.1400E+05 2.2600E+05
3.0006E+03 8.3700E+05 2.2700E+05
3.7818E+03 8.6200E+05 2.2800E+05
3.8015E+03 8.6400E+05 2.2900E+05
4.1693E+03 8.8700E+05 2.2900E+05
5.2548E+03 9.1200E+05 2.3000E+05
5.2822E+03 9.1400E+05 2.3100E+05
5.7932E+03 9.3800E+05 2.3000E+05
7.3015E+03 9.6200E+05 2.2900E+05
7.3395E+03 9.6400E+05 2.3000E+05
8.0496E+03 9.9000E+05 2.2800E+05
1.0145E+04 1.0100E+06 2.2500E+05
1.0198E+04 1.0100E+06 2.2600E+05
1.1185E+04 1.0400E+06 2.2400E+05
1.5541E+04 1.0900E+06 2.1800E+05
2.1595E+04 1.1300E+06 2.1100E+05
2.2534E+04 1.1400E+06 2.1000E+05
3.0006E+04 1.1800E+06 2.0400E+05
3.1311E+04 1.1900E+06 2.0300E+05
4.1693E+04 1.2200E+06 1.9700E+05
4.3507E+04 1.2300E+06 1.9500E+05
5.7932E+04 1.2600E+06 1.9200E+05
6.0452E+04 1.2700E+06 1.9300E+05
8.0496E+04 1.2900E+06 1.9000E+05
8.3998E+04 1.3000E+06 1.9000E+05
1.1200E+05 1.3200E+06 1.9100E+05
1.1700E+05 1.3300E+06 1.9200E+05
1.5500E+05 1.3500E+06 1.9700E+05
1.6200E+05 1.3700E+06 1.9600E+05
2.1600E+05 1.3800E+06 2.0700E+05
2.2500E+05 1.4000E+06 2.0700E+05
3.0000E+05 1.4100E+06 2.2200E+05
3.1300E+05 1.4300E+06 2.2300E+05
4.3500E+05 1.4700E+06 2.4800E+05
6.0500E+05 1.5000E+06 2.8400E+05
8.2100E+05 1.5400E+06 3.2600E+05
8.4000E+05 1.5400E+06 3.3000E+05
1.1400E+06 1.5800E+06 3.8800E+05
1.1700E+06 1.5900E+06 3.9400E+05
1.5800E+06 1.6400E+06 4.7000E+05
1.6200E+06 1.6400E+06 4.7600E+05
2.2000E+06 1.7100E+06 5.7400E+05
2.2500E+06 1.7100E+06 5.8000E+05
3.0600E+06 1.7900E+06 7.0400E+05
3.1300E+06 1.8000E+06 7.1200E+05
4.2500E+06 1.8900E+06 8.7000E+05
4.3500E+06 1.9000E+06 8.7500E+05
5.9100E+06 2.0100E+06 1.0700E+06
6.0500E+06 2.0300E+06 1.0800E+06
8.2100E+06 2.1600E+06 1.3200E+06
8.4000E+06 2.1900E+06 1.3300E+06
1.1400E+07 2.3500E+06 1.6400E+06
1.1700E+07 2.3800E+06 1.6300E+06
1.5800E+07 2.5800E+06 2.0300E+06
1.6200E+07 2.6100E+06 2.0100E+06
2.2000E+07 2.8400E+06 2.5200E+06
2.2500E+07 2.8800E+06 2.4700E+06
3.0600E+07 3.1700E+06 3.1400E+06
4.2500E+07 3.5700E+06 3.9400E+06
5.9100E+07 4.0500E+06 4.9400E+06
8.2100E+07 4.6400E+06 6.2500E+06
1.1400E+08 5.3500E+06 7.9500E+06
1.5800E+08 6.2500E+06 1.0100E+07
2.2000E+08 7.3900E+06 1.3000E+07
3.0600E+08 8.9100E+06 1.6700E+07
4.2500E+08 1.1000E+07 2.1600E+07
5.9100E+08 1.4000E+07 2.7800E+07
8.2100E+08 1.8500E+07 3.5900E+07
  
