 2.67700000e+00 3.43509296e+02 4.30062901e+04
 2.83233151e+00 3.89963148e+02 4.57569152e+04
 2.99667605e+00 4.39112460e+02 4.86671439e+04
 3.17055659e+00 4.91113636e+02 5.17462371e+04
 3.35452646e+00 5.47793432e+02 5.49973792e+04
 3.54917108e+00 6.10517715e+02 5.84268766e+04
 3.75510985e+00 6.80596652e+02 6.20353111e+04
 3.97299811e+00 7.59468032e+02 6.58223345e+04
 4.20352923e+00 8.48260482e+02 6.97897113e+04
 4.44743679e+00 9.48096566e+02 7.39385099e+04
 4.70549695e+00 1.06018375e+03 7.82693813e+04
 4.97853092e+00 1.18504458e+03 8.27825522e+04
 5.26740754e+00 1.32363279e+03 8.74804719e+04
 5.57304608e+00 1.47698231e+03 9.23872612e+04
 5.89641913e+00 1.64649791e+03 9.75323967e+04
 6.23855573e+00 1.83399546e+03 1.02947834e+05
 6.60054462e+00 2.04144490e+03 1.08668494e+05
 6.98353773e+00 2.27165574e+03 1.14732388e+05
 7.38875381e+00 2.52802350e+03 1.21187087e+05
 7.81748234e+00 2.81304938e+03 1.28080880e+05
 8.27108762e+00 3.12970705e+03 1.35446043e+05
 8.75101310e+00 3.48172346e+03 1.43313918e+05
 9.25878601e+00 3.87273388e+03 1.51717778e+05
 9.79602217e+00 4.30699825e+03 1.60692943e+05
 1.03644312e+01 4.79009359e+03 1.70276890e+05
 1.09658218e+01 5.32734499e+03 1.80456676e+05
 1.16021078e+01 5.92632062e+03 1.91211888e+05
 1.22753140e+01 6.59641470e+03 2.02522975e+05
 1.29875826e+01 7.34521895e+03 2.14366115e+05
 1.37411802e+01 8.18121655e+03 2.26713091e+05
 1.45385049e+01 9.11581093e+03 2.39531156e+05
 1.53820939e+01 1.01620858e+04 2.52782881e+05
 1.62746318e+01 1.13351086e+04 2.66543200e+05
 1.72189587e+01 1.26489397e+04 2.80908364e+05
 1.82180797e+01 1.41245827e+04 2.95984832e+05
 1.92751741e+01 1.57873833e+04 3.11889672e+05
 2.03936059e+01 1.76650039e+04 3.28750989e+05
 2.15769341e+01 1.97844737e+04 3.46708393e+05
 2.28289242e+01 2.21749548e+04 3.65913487e+05
 2.41535605e+01 2.48680548e+04 3.86403200e+05
 2.55550581e+01 2.79011444e+04 4.08177860e+05
 2.70378768e+01 3.13022197e+04 4.31232698e+05
 2.86067353e+01 3.51001080e+04 4.55557750e+05
 3.02666260e+01 3.93255224e+04 4.81137761e+05
 3.20228309e+01 4.40274538e+04 5.07952066e+05
 3.38809387e+01 4.92651146e+04 5.35974459e+05
 3.58468623e+01 5.51030348e+04 5.65271736e+05
 3.79268575e+01 6.16069820e+04 5.95964619e+05
 4.01275433e+01 6.88817304e+04 6.28184328e+05
 4.24559228e+01 7.70528370e+04 6.62063272e+05
 4.49194052e+01 8.62575114e+04 6.97741663e+05
 4.75258300e+01 9.66210905e+04 7.35370060e+05
 5.02834911e+01 1.08273478e+05 7.75109867e+05
 5.32011640e+01 1.21354989e+05 8.17089620e+05
 5.62881334e+01 1.36019496e+05 8.61403919e+05
 5.95542226e+01 1.52400146e+05 9.07922376e+05
 6.30098248e+01 1.70637513e+05 9.56512509e+05
 6.66659366e+01 1.90882135e+05 1.00702374e+06
 7.05341923e+01 2.13275829e+05 1.05928148e+06
 7.46269015e+01 2.38003308e+05 1.11308635e+06
 7.89570879e+01 2.65262962e+05 1.16818608e+06
 8.35385312e+01 2.95269081e+05 1.22429648e+06
 8.83858102e+01 3.28237394e+05 1.28165390e+06
 9.35143501e+01 3.64357362e+05 1.34050934e+06
 9.89404708e+01 4.03828961e+05 1.40113882e+06
 1.04681439e+02 4.46882878e+05 1.46384756e+06
 1.10755524e+02 4.93585079e+05 1.52897103e+06
 1.17182055e+02 5.43994539e+05 1.59688848e+06
 1.23981482e+02 5.98159709e+05 1.66740260e+06
 1.31175442e+02 6.56068498e+05 1.73993678e+06
 1.38786827e+02 7.17730071e+05 1.81383551e+06
 1.46839859e+02 7.83142441e+05 1.88836150e+06
 1.55360165e+02 8.52312803e+05 1.96269251e+06
 1.64374856e+02 9.25424007e+05 2.03557532e+06
 1.73912620e+02 1.00248617e+06 2.10515102e+06
 1.84003808e+02 1.08325763e+06 2.17097919e+06
 1.94680531e+02 1.16753005e+06 2.23259287e+06
 2.05976766e+02 1.25505250e+06 2.28949662e+06
 2.17928459e+02 1.34553415e+06 2.34116461e+06
 2.30573642e+02 1.43863240e+06 2.38703851e+06
 2.43952556e+02 1.53368819e+06 2.42735498e+06
 2.58107774e+02 1.63029975e+06 2.46362241e+06
 2.73084341e+02 1.72860216e+06 2.49630534e+06
 2.88929915e+02 1.82874962e+06 2.52594310e+06
 3.05694921e+02 1.93091768e+06 2.55315196e+06
 3.23432707e+02 2.03509395e+06 2.57862735e+06
 3.42199719e+02 2.14076886e+06 2.60314644e+06
 3.62055676e+02 2.24793175e+06 2.62706898e+06
 3.83063765e+02 2.35655015e+06 2.64983005e+06
 4.05290837e+02 2.46623258e+06 2.67115183e+06
 4.28807624e+02 2.57649797e+06 2.69073004e+06
 4.53688959e+02 2.68660764e+06 2.70823254e+06
 4.80014021e+02 2.79624642e+06 2.72329803e+06
 5.07866581e+02 2.90626141e+06 2.73553455e+06
 5.37335270e+02 3.01733216e+06 2.74445519e+06
 5.68513865e+02 3.13029142e+06 2.75041753e+06
 6.01501581e+02 3.24607203e+06 2.75373278e+06
 6.36403392e+02 3.36549959e+06 2.75472089e+06
 6.73330362e+02 3.49185688e+06 2.75576633e+06
 7.12400000e+02 3.62554599e+06 2.75687242e+06
