 2.58400000e-01 4.20609219e+02 1.10295832e+04
 2.74408743e-01 4.64069495e+02 1.16422256e+04
 2.91409280e-01 5.10222281e+02 1.22928232e+04
 3.09463058e-01 5.59234385e+02 1.29837275e+04
 3.28635327e-01 6.16244713e+02 1.37271980e+04
 3.48995383e-01 6.84786447e+02 1.45328582e+04
 3.70616812e-01 7.66902172e+02 1.54068853e+04
 3.93577760e-01 8.64262029e+02 1.63559098e+04
 4.17961217e-01 9.78230930e+02 1.73751110e+04
 4.43855309e-01 1.11133978e+03 1.84593141e+04
 4.71353627e-01 1.26456298e+03 1.96088858e+04
 5.00555558e-01 1.43889544e+03 2.08240212e+04
 5.31566645e-01 1.63535595e+03 2.21047413e+04
 5.64498974e-01 1.85546525e+03 2.34508903e+04
 5.99471569e-01 2.10022297e+03 2.48621324e+04
 6.36610834e-01 2.37109637e+03 2.63442716e+04
 6.76051000e-01 2.67009304e+03 2.79012868e+04
 7.17934617e-01 3.00254224e+03 2.95350838e+04
 7.62413063e-01 3.37278995e+03 3.12523479e+04
 8.09647097e-01 3.78556339e+03 3.30607660e+04
 8.59807437e-01 4.24599030e+03 3.49687394e+04
 9.13075378e-01 4.76117706e+03 3.69854179e+04
 9.69643446e-01 5.32941808e+03 3.91234894e+04
 1.02971609e+00 5.95751596e+03 4.13856159e+04
 1.09351044e+00 6.64942350e+03 4.37698518e+04
 1.16125707e+00 7.40839689e+03 4.62648726e+04
 1.23320082e+00 8.23780823e+03 4.88565048e+04
 1.30960172e+00 9.14115702e+03 5.15284497e+04
 1.39073592e+00 1.01220823e+04 5.42622029e+04
 1.47689666e+00 1.11916031e+04 5.70351755e+04
 1.56839533e+00 1.23345453e+04 5.98600084e+04
 1.66556266e+00 1.35422618e+04 6.27663047e+04
 1.76874983e+00 1.48155157e+04 6.57877970e+04
 1.87832978e+00 1.61551772e+04 6.89487196e+04
 1.99469858e+00 1.75621201e+04 7.22756145e+04
 2.11827682e+00 1.90372249e+04 7.57974323e+04
 2.24951114e+00 2.05819133e+04 7.95456410e+04
 2.38887586e+00 2.22167934e+04 8.35287626e+04
 2.53687470e+00 2.39412905e+04 8.77453819e+04
 2.69404255e+00 2.57424535e+04 9.22028577e+04
 2.86094748e+00 2.76172185e+04 9.69147685e+04
 3.03819273e+00 2.95625119e+04 1.01890986e+05
 3.22641891e+00 3.15747923e+04 1.07141486e+05
 3.42630633e+00 3.36497080e+04 1.12676372e+05
 3.63857745e+00 3.57809559e+04 1.18505897e+05
 3.86399946e+00 3.80014994e+04 1.24617900e+05
 4.10338713e+00 4.03362073e+04 1.30902606e+05
 4.35760566e+00 4.27824522e+04 1.37294466e+05
 4.62757388e+00 4.53378206e+04 1.43840357e+05
 4.91426753e+00 4.79998947e+04 1.50594829e+05
 5.21872280e+00 5.07654505e+04 1.57620386e+05
 5.54204010e+00 5.36304321e+04 1.64987796e+05
 5.88538799e+00 5.65654452e+04 1.72797831e+05
 6.25000742e+00 5.95631597e+04 1.81326814e+05
 6.63721624e+00 6.26087212e+04 1.90799524e+05
 7.04841394e+00 6.56794964e+04 2.01097332e+05
 7.48508671e+00 6.87708555e+04 2.12076767e+05
 7.94881282e+00 7.18955336e+04 2.23571094e+05
 8.44126831e+00 7.50684031e+04 2.35389476e+05
 8.96423306e+00 7.83065442e+04 2.47316063e+05
 9.51959722e+00 8.16393258e+04 2.59087089e+05
 1.01093680e+01 8.51605507e+04 2.70458734e+05
 1.07356771e+01 8.89727938e+04 2.81547907e+05
 1.14007882e+01 9.31326631e+04 2.92479538e+05
 1.21071051e+01 9.76524911e+04 3.03364566e+05
 1.28571806e+01 1.02543717e+05 3.14328062e+05
 1.36537259e+01 1.07816902e+05 3.25509725e+05
 1.44996198e+01 1.13459934e+05 3.37005649e+05
 1.53979196e+01 1.19423422e+05 3.48908129e+05
 1.63518722e+01 1.25619252e+05 3.61406717e+05
 1.73649252e+01 1.31977629e+05 3.74756239e+05
 1.84407403e+01 1.38520151e+05 3.89315338e+05
 1.95832057e+01 1.45313333e+05 4.05273911e+05
 2.07964507e+01 1.52432715e+05 4.22836470e+05
 2.20848602e+01 1.59963214e+05 4.42222888e+05
 2.34530911e+01 1.67997215e+05 4.63654933e+05
 2.49060883e+01 1.76744845e+05 4.86825094e+05
 2.64491036e+01 1.86378994e+05 5.11349932e+05
 2.80877139e+01 1.96885370e+05 5.36781129e+05
 2.98278415e+01 2.08221484e+05 5.63153362e+05
 3.16757759e+01 2.20475517e+05 5.90508472e+05
 3.36381960e+01 2.33745056e+05 6.18895702e+05
 3.57221945e+01 2.48137560e+05 6.48315449e+05
 3.79353037e+01 2.63670248e+05 6.79059157e+05
 4.02855224e+01 2.80281171e+05 7.11446542e+05
 4.27813450e+01 2.98101433e+05 7.45765440e+05
 4.54317921e+01 3.17203200e+05 7.81955305e+05
 4.82464433e+01 3.37502358e+05 8.19939307e+05
 5.12354715e+01 3.58900388e+05 8.59623947e+05
 5.44096800e+01 3.81283920e+05 9.01059668e+05
 5.77805413e+01 4.04594371e+05 9.44403440e+05
 6.13602387e+01 4.29287579e+05 9.89827740e+05
 6.51617103e+01 4.55804571e+05 1.03755282e+06
 6.91986958e+01 4.84584999e+05 1.08785323e+06
 7.34857859e+01 5.15867708e+05 1.14103237e+06
 7.80384757e+01 5.49905854e+05 1.19742343e+06
 8.28732198e+01 5.86967810e+05 1.25728970e+06
 8.80074924e+01 6.27443577e+05 1.32084887e+06
 9.34598503e+01 6.70426952e+05 1.38834575e+06
 9.92500000e+01 7.16073291e+05 1.46002428e+06
