 9.03000000e-02 5.02284660e+02 1.82792566e+04
 9.87757418e-02 6.39385512e+02 1.97501104e+04
 1.08047034e-01 7.89354929e+02 2.13590214e+04
 1.18188549e-01 9.53400781e+02 2.31189482e+04
 1.29281966e-01 1.14431650e+03 2.50541893e+04
 1.41416635e-01 1.37632862e+03 2.71862104e+04
 1.54690288e-01 1.65942596e+03 2.95487667e+04
 1.69209833e-01 2.00329902e+03 3.21886304e+04
 1.85092213e-01 2.41038325e+03 3.51650505e+04
 2.02465345e-01 2.88274318e+03 3.85196284e+04
 2.21469154e-01 3.42206871e+03 4.22472266e+04
 2.42256700e-01 4.05983632e+03 4.63750543e+04
 2.64995407e-01 4.80492610e+03 5.09379378e+04
 2.89868415e-01 5.67533154e+03 5.59545948e+04
 3.17076055e-01 6.69561651e+03 6.14252559e+04
 3.46837458e-01 7.89919615e+03 6.72746621e+04
 3.79392328e-01 9.36194839e+03 7.34338289e+04
 4.15002865e-01 1.11418346e+04 8.00075348e+04
 4.53955878e-01 1.32226018e+04 8.70142456e+04
 4.96565101e-01 1.56378443e+04 9.44397315e+04
 5.43173712e-01 1.84297939e+04 1.02252727e+05
 5.94157103e-01 2.16900057e+04 1.10371681e+05
 6.49925898e-01 2.54847465e+04 1.18926615e+05
 7.10929265e-01 2.97848627e+04 1.28085014e+05
 7.77658533e-01 3.46342451e+04 1.37817474e+05
 8.50651146e-01 4.01357782e+04 1.48158565e+05
 9.30494995e-01 4.65367463e+04 1.59077035e+05
 1.01783315e+00 5.39045018e+04 1.70612401e+05
 1.11336904e+00 6.21782486e+04 1.82945367e+05
 1.21787212e+00 7.13832009e+04 1.96049052e+05
 1.33218408e+00 8.16094216e+04 2.09841135e+05
 1.45722559e+00 9.31114237e+04 2.23875214e+05
 1.59400375e+00 1.05857799e+05 2.37845923e+05
 1.74362019e+00 1.19345254e+05 2.51827302e+05
 1.90727993e+00 1.33507328e+05 2.65828684e+05
 2.08630111e+00 1.48348676e+05 2.79766013e+05
 2.28212557e+00 1.64129886e+05 2.92935165e+05
 2.49633053e+00 1.80752074e+05 3.05031049e+05
 2.73064119e+00 1.97504807e+05 3.16882582e+05
 2.98694473e+00 2.14434579e+05 3.28836706e+05
 3.26730544e+00 2.31906907e+05 3.40652912e+05
 3.57398138e+00 2.49955640e+05 3.52006905e+05
 3.90944255e+00 2.68597170e+05 3.62575231e+05
 4.27639079e+00 2.86966183e+05 3.73893297e+05
 4.67778153e+00 3.05166930e+05 3.86392695e+05
 5.11684763e+00 3.23732383e+05 3.99774617e+05
 5.59712536e+00 3.42682367e+05 4.14037929e+05
 6.12248295e+00 3.61977449e+05 4.29427484e+05
 6.69715166e+00 3.81510987e+05 4.46343461e+05
 7.32575995e+00 4.01214755e+05 4.65134894e+05
 8.01337069e+00 4.21566138e+05 4.84792459e+05
 8.76552197e+00 4.42345279e+05 5.05080473e+05
 9.58827171e+00 4.63499930e+05 5.25716811e+05
 1.04882464e+01 4.84810814e+05 5.46656495e+05
 1.14726946e+01 5.06188296e+05 5.68042816e+05
 1.25495450e+01 5.27923283e+05 5.90078745e+05
 1.37274709e+01 5.50329825e+05 6.13065449e+05
 1.50159592e+01 5.74053717e+05 6.37452173e+05
 1.64253877e+01 5.99431318e+05 6.63551155e+05
 1.79671081e+01 6.26269335e+05 6.91400775e+05
 1.96535374e+01 6.54784749e+05 7.20750273e+05
 2.14982584e+01 6.85154367e+05 7.51128675e+05
 2.35161287e+01 7.18000546e+05 7.81859177e+05
 2.57234004e+01 7.53339016e+05 8.12174753e+05
 2.81378512e+01 7.90402548e+05 8.41273431e+05
 3.07789272e+01 8.29418024e+05 8.68807569e+05
 3.36678999e+01 8.71029120e+05 8.95235475e+05
 3.68280375e+01 9.16356352e+05 9.21201970e+05
 4.02847921e+01 9.66404923e+05 9.47554019e+05
 4.40660047e+01 1.01989996e+06 9.75306744e+05
 4.82021296e+01 1.07726944e+06 1.00556026e+06
 5.27264796e+01 1.13975174e+06 1.03934307e+06
 5.76754943e+01 1.20798210e+06 1.07743738e+06
 6.30890336e+01 1.28258893e+06 1.12016114e+06
 6.90106987e+01 1.36226298e+06 1.16787741e+06
 7.54881834e+01 1.44614111e+06 1.22087506e+06
 8.25736580e+01 1.53568732e+06 1.27944463e+06
 9.03241896e+01 1.63123251e+06 1.34344661e+06
 9.88022019e+01 1.73265905e+06 1.41266527e+06
 1.08075978e+02 1.83883268e+06 1.48678239e+06
 1.18220209e+02 1.94857779e+06 1.56536667e+06
 1.29316598e+02 2.06200181e+06 1.64692937e+06
 1.41454518e+02 2.17867824e+06 1.72970403e+06
 1.54731727e+02 2.29842453e+06 1.81158908e+06
 1.69255161e+02 2.42122104e+06 1.89104939e+06
 1.85141795e+02 2.54781931e+06 1.96663860e+06
 2.02519581e+02 2.68176289e+06 2.03671470e+06
 2.21528481e+02 2.82711934e+06 2.09943851e+06
 2.42321596e+02 2.98715373e+06 2.15469334e+06
 2.65066394e+02 3.16460104e+06 2.20227181e+06
 2.89946065e+02 3.35939402e+06 2.24201619e+06
 3.17160993e+02 3.57079571e+06 2.27405400e+06
 3.46930369e+02 3.79720812e+06 2.29858695e+06
 3.79493960e+02 4.03421716e+06 2.31594489e+06
 4.15114036e+02 4.27682517e+06 2.32649272e+06
 4.54077484e+02 4.52438867e+06 2.33068455e+06
 4.96698121e+02 4.77759266e+06 2.32942189e+06
 5.43319218e+02 5.03832346e+06 2.32356061e+06
 5.94316266e+02 5.32352698e+06 2.31714917e+06
 6.50100000e+02 5.63550028e+06 2.31013595e+06
