 4.12000000e-02 3.99644056e+02 2.31487338e+04
 4.54164092e-02 5.82894503e+02 2.56404974e+04
 5.00643258e-02 7.84898805e+02 2.83872682e+04
 5.51879103e-02 1.00757623e+03 3.14151435e+04
 6.08358426e-02 1.25858785e+03 3.47382563e+04
 6.70617845e-02 1.54562740e+03 3.83673746e+04
 7.39248894e-02 1.87639030e+03 4.23087402e+04
 8.14903647e-02 2.25933794e+03 4.65822916e+04
 8.98300910e-02 2.69774744e+03 5.12321337e+04
 9.90233051e-02 3.21268818e+03 5.63118748e+04
 1.09157353e-01 3.82299160e+03 6.18949118e+04
 1.20328520e-01 4.54454177e+03 6.80745456e+04
 1.32642944e-01 5.39320595e+03 7.49858579e+04
 1.46217626e-01 6.39621801e+03 8.26850677e+04
 1.61181542e-01 7.60088312e+03 9.12758362e+04
 1.77676866e-01 9.06862670e+03 1.00843360e+05
 1.95860322e-01 1.08384399e+04 1.11419128e+05
 2.15904672e-01 1.29628168e+04 1.22960590e+05
 2.38000363e-01 1.55439062e+04 1.35377887e+05
 2.62357327e-01 1.87182158e+04 1.48614592e+05
 2.89206983e-01 2.26229018e+04 1.62897563e+05
 3.18804434e-01 2.73731332e+04 1.78295829e+05
 3.51430889e-01 3.30986028e+04 1.94833495e+05
 3.87396336e-01 3.99465762e+04 2.12544035e+05
 4.27042488e-01 4.80805525e+04 2.31732669e+05
 4.70746028e-01 5.75751419e+04 2.52797630e+05
 5.18922190e-01 6.84607891e+04 2.75960879e+05
 5.72028702e-01 8.07868089e+04 3.01060186e+05
 6.30570136e-01 9.47028269e+04 3.27891707e+05
 6.95102701e-01 1.10379781e+05 3.56407160e+05
 7.66239532e-01 1.28031448e+05 3.86601350e+05
 8.44656507e-01 1.47899596e+05 4.18087766e+05
 9.31098678e-01 1.70332854e+05 4.50276648e+05
 1.02638734e+00 1.95756585e+05 4.82573644e+05
 1.13142785e+00 2.24614411e+05 5.14844960e+05
 1.24721821e+00 2.57194297e+05 5.47303149e+05
 1.37485856e+00 2.93798193e+05 5.79950855e+05
 1.51556162e+00 3.34422012e+05 6.12486543e+05
 1.67066424e+00 3.78935726e+05 6.44516314e+05
 1.84164007e+00 4.27125714e+05 6.75808712e+05
 2.03011357e+00 4.78690943e+05 7.06236684e+05
 2.23787545e+00 5.33267667e+05 7.35799055e+05
 2.46689969e+00 5.90146064e+05 7.63534888e+05
 2.71936227e+00 6.48318234e+05 7.88576156e+05
 2.99766188e+00 7.07417499e+05 8.10654945e+05
 3.30444268e+00 7.67207998e+05 8.30015518e+05
 3.64261944e+00 8.27326111e+05 8.47041475e+05
 4.01540522e+00 8.87039377e+05 8.62199750e+05
 4.42634191e+00 9.45477101e+05 8.74589995e+05
 4.87933386e+00 1.00272722e+06 8.85268880e+05
 5.37868503e+00 1.05928831e+06 8.95460082e+05
 5.92913981e+00 1.11510854e+06 9.06002213e+05
 6.53592815e+00 1.16973414e+06 9.17542708e+05
 7.20481522e+00 1.22293624e+06 9.30255943e+05
 7.94215621e+00 1.27534625e+06 9.44162544e+05
 8.75495671e+00 1.32774997e+06 9.60298001e+05
 9.65093923e+00 1.38029549e+06 9.78383938e+05
 1.06386166e+01 1.43281705e+06 9.97993512e+05
 1.17273730e+01 1.48537794e+06 1.01898329e+06
 1.29275526e+01 1.53888514e+06 1.04118971e+06
 1.42505587e+01 1.59423267e+06 1.06474224e+06
 1.57089613e+01 1.65145306e+06 1.08958885e+06
 1.73166169e+01 1.71051667e+06 1.11563626e+06
 1.90887999e+01 1.77145618e+06 1.14270889e+06
 2.10423483e+01 1.83461124e+06 1.17066275e+06
 2.31958228e+01 1.90010648e+06 1.19906401e+06
 2.55696840e+01 1.96720673e+06 1.22740193e+06
 2.81864861e+01 2.03501848e+06 1.25534652e+06
 3.10710919e+01 2.10365359e+06 1.28304536e+06
 3.42509084e+01 2.17340180e+06 1.31068163e+06
 3.77561473e+01 2.24465132e+06 1.33860933e+06
 4.16201125e+01 2.31778849e+06 1.36703264e+06
 4.58795160e+01 2.39354821e+06 1.39618533e+06
 5.05748270e+01 2.47363939e+06 1.42633966e+06
 5.57506562e+01 2.56009668e+06 1.45720824e+06
 6.14561800e+01 2.65407165e+06 1.48865570e+06
 6.77456072e+01 2.75661091e+06 1.52055550e+06
 7.46786946e+01 2.86863339e+06 1.55248892e+06
 8.23213143e+01 2.99077220e+06 1.58411318e+06
 9.07460800e+01 3.12341724e+06 1.61522750e+06
 1.00033036e+02 3.26500574e+06 1.64561870e+06
 1.10270420e+02 3.41351812e+06 1.67621734e+06
 1.21555498e+02 3.56760533e+06 1.70784522e+06
 1.33995491e+02 3.72608109e+06 1.74149592e+06
 1.47708594e+02 3.88770076e+06 1.77805684e+06
 1.62825095e+02 4.05125038e+06 1.81754635e+06
 1.79488620e+02 4.21451834e+06 1.85934458e+06
 1.97857491e+02 4.37860028e+06 1.90261219e+06
 2.18106232e+02 4.54489074e+06 1.94530052e+06
 2.40427230e+02 4.71429659e+06 1.98466383e+06
 2.65032560e+02 4.88691398e+06 2.01746323e+06
 2.92155999e+02 5.06248582e+06 2.04130547e+06
 3.22055253e+02 5.24066409e+06 2.05582203e+06
 3.55014396e+02 5.42363319e+06 2.06114256e+06
 3.91346580e+02 5.61132357e+06 2.05756197e+06
 4.31397000e+02 5.80514361e+06 2.04613747e+06
 4.75546181e+02 6.00683027e+06 2.02830445e+06
 5.24213591e+02 6.21833213e+06 2.00571708e+06
 5.77861625e+02 6.45147909e+06 1.98081812e+06
 6.37000000e+02 6.70848632e+06 1.95337099e+06
