 2.52100000e-02 3.80245112e+02 3.06166196e+04
 2.76922535e-02 5.11575574e+02 3.14001467e+04
 3.04189173e-02 6.55837235e+02 3.22608224e+04
 3.34140567e-02 8.14303338e+02 3.32062428e+04
 3.67041066e-02 9.95414275e+02 3.42789252e+04
 4.03181049e-02 1.20791290e+03 3.54498890e+04
 4.42879485e-02 1.45942061e+03 3.67587867e+04
 4.86486751e-02 1.75740901e+03 3.82676028e+04
 5.34387720e-02 2.10819464e+03 4.00169319e+04
 5.87005165e-02 2.51907967e+03 4.19291891e+04
 6.44803485e-02 3.00718968e+03 4.40744131e+04
 7.08292803e-02 3.58913418e+03 4.67035375e+04
 7.78033473e-02 4.28126960e+03 5.00666110e+04
 8.54641022e-02 5.10317693e+03 5.36313456e+04
 9.38791584e-02 6.08448550e+03 5.73104661e+04
 1.03122787e-01 7.27869645e+03 6.11716374e+04
 1.13276571e-01 8.74756922e+03 6.60274235e+04
 1.24430128e-01 1.05380282e+04 7.19861952e+04
 1.36681898e-01 1.27052313e+04 7.77448727e+04
 1.50140014e-01 1.53201764e+04 8.29679305e+04
 1.64923258e-01 1.84734906e+04 8.86532540e+04
 1.81162105e-01 2.22526028e+04 9.57352909e+04
 1.98999879e-01 2.67022324e+04 1.04803627e+05
 2.18594014e-01 3.18690788e+04 1.13149536e+05
 2.40117447e-01 3.78458543e+04 1.20415478e+05
 2.63760144e-01 4.48114202e+04 1.28103874e+05
 2.89730772e-01 5.29547931e+04 1.37277702e+05
 3.18258548e-01 6.24651400e+04 1.48897209e+05
 3.49595255e-01 7.35676321e+04 1.60123660e+05
 3.84017471e-01 8.66552057e+04 1.69781044e+05
 4.21829003e-01 1.02295093e+05 1.82108728e+05
 4.63363573e-01 1.21072103e+05 1.98399670e+05
 5.08987764e-01 1.43451034e+05 2.16905662e+05
 5.59104252e-01 1.69962626e+05 2.35118264e+05
 6.14155362e-01 2.01108436e+05 2.53882626e+05
 6.74626973e-01 2.37416790e+05 2.76757223e+05
 7.41052803e-01 2.79180005e+05 3.03488615e+05
 8.14019122e-01 3.26375610e+05 3.30900159e+05
 8.94169928e-01 3.78969411e+05 3.56691159e+05
 9.82212627e-01 4.37058613e+05 3.85188268e+05
 1.07892428e+00 5.00716532e+05 4.18327878e+05
 1.18515846e+00 5.70286332e+05 4.55400888e+05
 1.30185277e+00 6.46186081e+05 4.90379368e+05
 1.43003717e+00 7.28724094e+05 5.20735421e+05
 1.57084299e+00 8.17870592e+05 5.52616576e+05
 1.72551298e+00 9.13495749e+05 5.88636918e+05
 1.89541225e+00 1.01523295e+06 6.26574791e+05
 2.08204033e+00 1.12257289e+06 6.60630119e+05
 2.28704437e+00 1.23380752e+06 6.82987357e+05
 2.51223374e+00 1.34669326e+06 7.04492593e+05
 2.75959593e+00 1.45948495e+06 7.32147171e+05
 3.03131417e+00 1.57163589e+06 7.53286393e+05
 3.32978661e+00 1.68257248e+06 7.61187313e+05
 3.65764756e+00 1.79149196e+06 7.58602151e+05
 4.01779069e+00 1.89718763e+06 7.55065722e+05
 4.41339462e+00 2.00060536e+06 7.53845535e+05
 4.84795092e+00 2.10327870e+06 7.48128542e+05
 5.32529496e+00 2.20642865e+06 7.38082863e+05
 5.84963974e+00 2.31020210e+06 7.27107503e+05
 6.42561312e+00 2.41395732e+06 7.22991647e+05
 7.05829859e+00 2.51768020e+06 7.24248691e+05
 7.75328020e+00 2.62220201e+06 7.28441646e+05
 8.51669182e+00 2.72690687e+06 7.33955836e+05
 9.35527128e+00 2.83086583e+06 7.42018633e+05
 1.02764198e+01 2.93269709e+06 7.50650117e+05
 1.12882675e+01 3.03160691e+06 7.66540621e+05
 1.23997447e+01 3.12898790e+06 7.85055523e+05
 1.36206614e+01 3.22604418e+06 7.98054889e+05
 1.49617933e+01 3.32356781e+06 8.09149540e+05
 1.64349771e+01 3.42097547e+06 8.24580174e+05
 1.80532151e+01 3.51751060e+06 8.42457737e+05
 1.98307897e+01 3.61311626e+06 8.56128847e+05
 2.17833898e+01 3.70722664e+06 8.70187804e+05
 2.39282488e+01 3.79789413e+06 8.88814532e+05
 2.62842972e+01 3.88327797e+06 9.16987731e+05
 2.88723292e+01 3.96161516e+06 9.49308821e+05
 3.17151869e+01 4.03523343e+06 9.85254425e+05
 3.48379609e+01 4.10708885e+06 1.02154958e+06
 3.82682128e+01 4.18019290e+06 1.06258554e+06
 4.20362178e+01 4.25723647e+06 1.10394679e+06
 4.61752320e+01 4.34046776e+06 1.14877924e+06
 5.07217863e+01 4.43135845e+06 1.18901920e+06
 5.57160081e+01 4.53128422e+06 1.22527779e+06
 6.12019762e+01 4.63911273e+06 1.26216518e+06
 6.72281095e+01 4.75396690e+06 1.30638174e+06
 7.38475942e+01 4.87480965e+06 1.35556697e+06
 8.11188536e+01 5.00279723e+06 1.40431979e+06
 8.91060634e+01 5.14023207e+06 1.44771923e+06
 9.78797183e+01 5.28912149e+06 1.49776583e+06
 1.07517254e+02 5.45045145e+06 1.55397372e+06
 1.18103731e+02 5.62427131e+06 1.61412025e+06
 1.29732584e+02 5.80898368e+06 1.68070524e+06
 1.42506450e+02 6.00248889e+06 1.75040351e+06
 1.56538070e+02 6.20054021e+06 1.82359456e+06
 1.71951286e+02 6.39728004e+06 1.88912206e+06
 1.88882134e+02 6.59207642e+06 1.94220961e+06
 2.07480046e+02 6.78614130e+06 1.97879274e+06
 2.27909164e+02 6.98050148e+06 1.99340731e+06
 2.50349795e+02 7.19399897e+06 2.00946088e+06
 2.75000000e+02 7.42851806e+06 2.02709514e+06
