 2.22400000e-02 6.05216211e+02 6.53815885e+04
 2.43226671e-02 7.75349921e+02 7.14337271e+04
 2.66003658e-02 9.61415820e+02 7.80526190e+04
 2.90913598e-02 1.16490588e+03 8.52913376e+04
 3.18156232e-02 1.39817691e+03 9.32045667e+04
 3.47950005e-02 1.66909849e+03 1.01855096e+05
 3.80533819e-02 1.98504278e+03 1.11309849e+05
 4.16168948e-02 2.35433246e+03 1.21639016e+05
 4.55141132e-02 2.78957986e+03 1.32911103e+05
 4.97762871e-02 3.30430911e+03 1.45190895e+05
 5.44375926e-02 3.91121982e+03 1.58545296e+05
 5.95354066e-02 4.62463024e+03 1.73066073e+05
 6.51106059e-02 5.46085042e+03 1.88879792e+05
 7.12078953e-02 6.45243895e+03 2.06128366e+05
 7.78761660e-02 7.64054056e+03 2.24978300e+05
 8.51688877e-02 9.06087436e+03 2.45648015e+05
 9.31445370e-02 1.07486812e+04 2.68396750e+05
 1.01867067e-01 1.27450978e+04 2.93518534e+05
 1.11406419e-01 1.51218693e+04 3.21293784e+05
 1.21839084e-01 1.79820862e+04 3.51963690e+05
 1.33248718e-01 2.14076860e+04 3.85802723e+05
 1.45726808e-01 2.54818294e+04 4.23103825e+05
 1.59373410e-01 3.03051920e+04 4.64153593e+05
 1.74297949e-01 3.59944869e+04 5.09260428e+05
 1.90620099e-01 4.28011327e+04 5.58606108e+05
 2.08470738e-01 5.09531048e+04 6.12330738e+05
 2.27993002e-01 6.06575999e+04 6.70601087e+05
 2.49343430e-01 7.21727271e+04 7.33536535e+05
 2.72693221e-01 8.57940228e+04 8.01241104e+05
 2.98229606e-01 1.01978147e+05 8.73710049e+05
 3.26157348e-01 1.21296914e+05 9.50678281e+05
 3.56700387e-01 1.44076224e+05 1.03220408e+06
 3.90103632e-01 1.70702750e+05 1.11849898e+06
 4.26634926e-01 2.01737461e+05 1.20979215e+06
 4.66587198e-01 2.37862174e+05 1.30616541e+06
 5.10280805e-01 2.79843321e+05 1.40723981e+06
 5.58066103e-01 3.28198173e+05 1.51277816e+06
 6.10326261e-01 3.83347574e+05 1.62307200e+06
 6.67480327e-01 4.45965619e+05 1.73778277e+06
 7.29986592e-01 5.16955476e+05 1.85550872e+06
 7.98346261e-01 5.97041696e+05 1.97454066e+06
 8.73107480e-01 6.86860830e+05 2.09335109e+06
 9.54869720e-01 7.87086811e+05 2.21121318e+06
 1.04428859e+00 8.98666143e+05 2.32637882e+06
 1.14208111e+00 1.02254130e+06 2.43640148e+06
 1.24903141e+00 1.15951314e+06 2.53949178e+06
 1.36599709e+00 1.30996908e+06 2.63595121e+06
 1.49391602e+00 1.47443643e+06 2.72610338e+06
 1.63381394e+00 1.65352097e+06 2.80937178e+06
 1.78681262e+00 1.84682024e+06 2.88468168e+06
 1.95413887e+00 2.05290653e+06 2.95289995e+06
 2.13713441e+00 2.27041511e+06 3.01515068e+06
 2.33726658e+00 2.49810580e+06 3.07213256e+06
 2.55614015e+00 2.73475369e+06 3.12260093e+06
 2.79551016e+00 2.97887705e+06 3.16530784e+06
 3.05729600e+00 3.22704443e+06 3.20077616e+06
 3.34359680e+00 3.47709925e+06 3.22947368e+06
 3.65670827e+00 3.72866782e+06 3.25063825e+06
 3.99914109e+00 3.98104222e+06 3.26342707e+06
 4.37364107e+00 4.23314685e+06 3.26672901e+06
 4.78321114e+00 4.48378393e+06 3.26085896e+06
 5.23113545e+00 4.73161979e+06 3.24678110e+06
 5.72100567e+00 4.97699788e+06 3.22443366e+06
 6.25674983e+00 5.22028249e+06 3.19434838e+06
 6.84266382e+00 5.46049060e+06 3.15725955e+06
 7.48344578e+00 5.69653927e+06 3.11421052e+06
 8.18423383e+00 5.92723129e+06 3.06704618e+06
 8.95064726e+00 6.15124026e+06 3.01691230e+06
 9.78883155e+00 6.36678871e+06 2.96461975e+06
 1.07055077e+01 6.57412032e+06 2.91109722e+06
 1.17080261e+01 6.77308562e+06 2.85607117e+06
 1.28044254e+01 6.96368441e+06 2.79918630e+06
 1.40034971e+01 7.14606343e+06 2.74071389e+06
 1.53148560e+01 7.32051534e+06 2.68062417e+06
 1.67490173e+01 7.48747911e+06 2.61895501e+06
 1.83174808e+01 7.64748988e+06 2.55582311e+06
 2.00328232e+01 7.80090258e+06 2.49141478e+06
 2.19087990e+01 7.94774671e+06 2.42721256e+06
 2.39604507e+01 8.08819588e+06 2.36500237e+06
 2.62042296e+01 8.22256808e+06 2.30475954e+06
 2.86581274e+01 8.35110134e+06 2.24637005e+06
 3.13418207e+01 8.47364114e+06 2.18961063e+06
 3.42768287e+01 8.59183500e+06 2.13457845e+06
 3.74866859e+01 8.70595824e+06 2.08138211e+06
 4.09971305e+01 8.81646603e+06 2.02925249e+06
 4.48363110e+01 8.92399789e+06 1.97715228e+06
 4.90350120e+01 9.02938365e+06 1.92527742e+06
 5.36269007e+01 9.13425996e+06 1.87430069e+06
 5.86487974e+01 9.24190624e+06 1.82507675e+06
 6.41409701e+01 9.35332644e+06 1.77742320e+06
 7.01474579e+01 9.46783356e+06 1.73107129e+06
 7.67164238e+01 9.58454895e+06 1.68655094e+06
 8.39005413e+01 9.70238962e+06 1.64456012e+06
 9.17574161e+01 9.82005438e+06 1.60589206e+06
 1.00350049e+02 9.93492149e+06 1.57012591e+06
 1.09747340e+02 1.00460694e+07 1.53627741e+06
 1.20024641e+02 1.01542409e+07 1.50393815e+06
 1.31264360e+02 1.02605613e+07 1.47316910e+06
 1.43556625e+02 1.03768382e+07 1.43951868e+06
 1.57000000e+02 1.05040038e+07 1.40271707e+06
