 2.45609000e-01 1.30512216e+02 7.48229009e+03
 2.66817139e-01 1.58965619e+02 8.07807130e+03
 2.89856584e-01 1.89875951e+02 8.72529773e+03
 3.14885466e-01 2.23455364e+02 9.42841164e+03
 3.42075572e-01 2.61105326e+02 1.01783431e+04
 3.71613522e-01 3.03860388e+02 1.09784589e+04
 4.03702050e-01 3.52764960e+02 1.18354949e+04
 4.38561396e-01 4.08923638e+02 1.27588157e+04
 4.76430819e-01 4.73165817e+02 1.37617495e+04
 5.17570236e-01 5.46855342e+02 1.48601567e+04
 5.62262008e-01 6.32341352e+02 1.60695747e+04
 6.10812879e-01 7.31813443e+02 1.74011959e+04
 6.63556079e-01 8.47480729e+02 1.88622188e+04
 7.20853611e-01 9.81670036e+02 2.04586741e+04
 7.83098739e-01 1.13833573e+03 2.21924228e+04
 8.50718683e-01 1.32216829e+03 2.40638872e+04
 9.24177555e-01 1.53781347e+03 2.60838605e+04
 1.00397954e+00 1.78786169e+03 2.82672528e+04
 1.09067237e+00 2.07737601e+03 3.06346743e+04
 1.18485104e+00 2.41344266e+03 3.32091685e+04
 1.28716198e+00 2.80414616e+03 3.60161049e+04
 1.39830738e+00 3.26034050e+03 3.90861336e+04
 1.51905009e+00 3.79441124e+03 4.24337472e+04
 1.65021884e+00 4.42140099e+03 4.60659503e+04
 1.79271390e+00 5.16451372e+03 4.99898164e+04
 1.94751330e+00 6.04608900e+03 5.42404753e+04
 2.11567951e+00 7.08914250e+03 5.88497754e+04
 2.29836673e+00 8.31927139e+03 6.38377483e+04
 2.49682884e+00 9.75530955e+03 6.91960948e+04
 2.71242800e+00 1.14215227e+04 7.49636484e+04
 2.94664397e+00 1.33406634e+04 8.11781705e+04
 3.20108430e+00 1.55289732e+04 8.78731880e+04
 3.47749534e+00 1.80270485e+04 9.49991369e+04
 3.77777426e+00 2.08821605e+04 1.02494768e+05
 4.10398202e+00 2.41449920e+04 1.10329928e+05
 4.45835756e+00 2.78749945e+04 1.18545833e+05
 4.84333314e+00 3.21336185e+04 1.27144696e+05
 5.26155105e+00 3.70199806e+04 1.36140600e+05
 5.71588174e+00 4.26445100e+04 1.45555355e+05
 6.20944352e+00 4.90766910e+04 1.55413822e+05
 6.74562396e+00 5.63912652e+04 1.65719130e+05
 7.32810314e+00 6.46657445e+04 1.76439314e+05
 7.96087894e+00 7.39506483e+04 1.87535370e+05
 8.64829441e+00 8.42867176e+04 1.99050531e+05
 9.39506766e+00 9.56393628e+04 2.10915553e+05
 1.02063242e+01 1.07976451e+05 2.22902563e+05
 1.10876320e+01 1.21286255e+05 2.34904923e+05
 1.20450401e+01 1.35548404e+05 2.46886873e+05
 1.30851196e+01 1.50661564e+05 2.58726864e+05
 1.42150091e+01 1.66588813e+05 2.70123363e+05
 1.54424637e+01 1.83293000e+05 2.80547162e+05
 1.67759080e+01 2.00758641e+05 2.89688786e+05
 1.82244941e+01 2.18929507e+05 2.97574068e+05
 1.97981645e+01 2.37738817e+05 3.04121549e+05
 2.15077200e+01 2.57106148e+05 3.09188310e+05
 2.33648943e+01 2.77050665e+05 3.12842453e+05
 2.53824341e+01 2.97540423e+05 3.15297170e+05
 2.75741868e+01 3.18536756e+05 3.16858520e+05
 2.99551956e+01 3.39923955e+05 3.17684764e+05
 3.25418026e+01 3.61474516e+05 3.17731734e+05
 3.53517610e+01 3.82916465e+05 3.17027821e+05
 3.84043570e+01 4.03930603e+05 3.15653606e+05
 4.17205423e+01 4.24292853e+05 3.13567203e+05
 4.53230775e+01 4.43814541e+05 3.10756822e+05
 4.92366886e+01 4.62328922e+05 3.07373631e+05
 5.34882370e+01 4.79928933e+05 3.03589671e+05
 5.81069031e+01 4.96975093e+05 2.99556454e+05
 6.31243873e+01 5.13741692e+05 2.95340038e+05
 6.85751273e+01 5.30548609e+05 2.90906390e+05
 7.44965342e+01 5.47559012e+05 2.86211906e+05
 8.09292498e+01 5.64808824e+05 2.81245181e+05
 8.79174253e+01 5.82173226e+05 2.75921576e+05
 9.55090241e+01 5.99302261e+05 2.70181863e+05
 1.03756151e+02 6.15791529e+05 2.64067614e+05
 1.12715411e+02 6.31606332e+05 2.57688401e+05
 1.22448296e+02 6.46665921e+05 2.51277152e+05
 1.33021608e+02 6.60836910e+05 2.45114989e+05
 1.44507916e+02 6.74103122e+05 2.39317414e+05
 1.56986058e+02 6.86683778e+05 2.33933588e+05
 1.70541678e+02 6.98800355e+05 2.28994099e+05
 1.85267814e+02 7.10567625e+05 2.24471171e+05
 2.01265540e+02 7.21840238e+05 2.20327580e+05
 2.18644657e+02 7.32612280e+05 2.16438788e+05
 2.37524447e+02 7.43028004e+05 2.12633761e+05
 2.58034492e+02 7.53081448e+05 2.08874176e+05
 2.80315562e+02 7.62661654e+05 2.05187685e+05
 3.04520585e+02 7.71710292e+05 2.01594829e+05
 3.30815692e+02 7.80231372e+05 1.98085338e+05
 3.59381360e+02 7.88224852e+05 1.94646413e+05
 3.90413650e+02 7.95696228e+05 1.91313491e+05
 4.24125554e+02 8.02607433e+05 1.88141628e+05
 4.60748454e+02 8.09278946e+05 1.85131747e+05
 5.00533711e+02 8.16099198e+05 1.82224927e+05
 5.43754393e+02 8.23499940e+05 1.79357208e+05
 5.90707146e+02 8.31922908e+05 1.76474433e+05
 6.41714232e+02 8.41694113e+05 1.73513196e+05
 6.97125738e+02 8.53039929e+05 1.70400280e+05
 7.57321984e+02 8.66200510e+05 1.67051582e+05
 8.22716126e+02 8.80497497e+05 1.63413727e+05
 8.93757000e+02 8.96029017e+05 1.59461745e+05
