 4.81867000e-02 1.39243901e+02 2.16430596e+03
 5.16006715e-02 1.56807708e+02 2.32044014e+03
 5.52565189e-02 1.75615890e+02 2.48763626e+03
 5.91713788e-02 1.95756610e+02 2.66667802e+03
 6.33636019e-02 2.18007820e+02 2.85849001e+03
 6.78528392e-02 2.42797395e+02 3.06201246e+03
 7.26601337e-02 2.70517153e+02 3.27812642e+03
 7.78080194e-02 3.01593181e+02 3.50776413e+03
 8.33206268e-02 3.36480643e+02 3.75374760e+03
 8.92237961e-02 3.75300242e+02 4.01693596e+03
 9.55451979e-02 4.18112423e+02 4.29429973e+03
 1.02314464e-01 4.64963642e+02 4.58224693e+03
 1.09563324e-01 5.16028266e+02 4.88027587e+03
 1.17325758e-01 5.71631998e+02 5.18845172e+03
 1.25638151e-01 6.32133648e+02 5.50689601e+03
 1.34539467e-01 6.97894891e+02 5.83575436e+03
 1.44071432e-01 7.69546211e+02 6.17734863e+03
 1.54278725e-01 8.47812460e+02 6.53774512e+03
 1.65209192e-01 9.33190427e+02 6.92373614e+03
 1.76914071e-01 1.02557938e+03 7.33892509e+03
 1.89448226e-01 1.12468429e+03 7.78453226e+03
 2.02870412e-01 1.23012549e+03 8.26176442e+03
 2.17243544e-01 1.34168048e+03 8.77190360e+03
 2.32634996e-01 1.45906992e+03 9.32041676e+03
 2.49116914e-01 1.58196216e+03 9.91366864e+03
 2.66766557e-01 1.71052366e+03 1.05588879e+04
 2.85666656e-01 1.84559851e+03 1.12630961e+04
 3.05905805e-01 1.98817874e+03 1.20289844e+04
 3.27578875e-01 2.13934016e+03 1.28590976e+04
 3.50787456e-01 2.29937711e+03 1.37566900e+04
 3.75640338e-01 2.46833239e+03 1.47135991e+04
 4.02254018e-01 2.64619803e+03 1.57192163e+04
 4.30753246e-01 2.83290456e+03 1.67611761e+04
 4.61271611e-01 3.02858987e+03 1.78330629e+04
 4.93952166e-01 3.23339069e+03 1.89438391e+04
 5.28948101e-01 3.44750016e+03 2.01039106e+04
 5.66423457e-01 3.67279495e+03 2.13229077e+04
 6.06553898e-01 3.91249957e+03 2.26159962e+04
 6.49527534e-01 4.17026094e+03 2.40006430e+04
 6.95545802e-01 4.44792637e+03 2.54947986e+04
 7.44824411e-01 4.74622065e+03 2.71112575e+04
 7.97594352e-01 5.06581465e+03 2.88512276e+04
 8.54102981e-01 5.40728951e+03 3.07203274e+04
 9.14615181e-01 5.77291546e+03 3.27299313e+04
 9.79414599e-01 6.16569661e+03 3.48949466e+04
 1.04880498e+00 6.58949929e+03 3.72205215e+04
 1.12311159e+00 7.05438135e+03 3.97057631e+04
 1.20268274e+00 7.57388930e+03 4.23514450e+04
 1.28789141e+00 8.16327385e+03 4.51595055e+04
 1.37913701e+00 8.83337085e+03 4.81189671e+04
 1.47684726e+00 9.58639414e+03 5.12160151e+04
 1.58148016e+00 1.04188695e+04 5.44400543e+04
 1.69352619e+00 1.13252593e+04 5.78035204e+04
 1.81351054e+00 1.23049004e+04 6.13246114e+04
 1.94199565e+00 1.33554923e+04 6.50217475e+04
 2.07958378e+00 1.44743677e+04 6.89152582e+04
 2.22691986e+00 1.56769651e+04 7.30333619e+04
 2.38469453e+00 1.70020341e+04 7.73705281e+04
 2.55364736e+00 1.84978957e+04 8.19045717e+04
 2.73457030e+00 2.02130199e+04 8.66187958e+04
 2.92831141e+00 2.21670482e+04 9.15333799e+04
 3.13577886e+00 2.43804435e+04 9.66717204e+04
 3.35794513e+00 2.68806569e+04 1.02060363e+05
 3.59585163e+00 2.97093829e+04 1.07731683e+05
 3.85061352e+00 3.28801685e+04 1.13784107e+05
 4.12342500e+00 3.64070450e+04 1.20337161e+05
 4.41556485e+00 4.03086951e+04 1.27451171e+05
 4.72840247e+00 4.46396237e+04 1.35077490e+05
 5.06340427e+00 4.94627927e+04 1.43155661e+05
 5.42214055e+00 5.48485632e+04 1.51613485e+05
 5.80629289e+00 6.08091077e+04 1.60403865e+05
 6.21766196e+00 6.73871531e+04 1.69443290e+05
 6.65817606e+00 7.46282249e+04 1.78637405e+05
 7.12990007e+00 8.26005611e+04 1.87941906e+05
 7.63504517e+00 9.13704604e+04 1.97373743e+05
 8.17597922e+00 1.01002320e+05 2.06951463e+05
 8.75523780e+00 1.11507414e+05 2.16694876e+05
 9.37553619e+00 1.22922269e+05 2.26530442e+05
 1.00397820e+01 1.35251213e+05 2.36366201e+05
 1.07510888e+01 1.48463010e+05 2.46097045e+05
 1.15127909e+01 1.62386205e+05 2.55620858e+05
 1.23284587e+01 1.76816479e+05 2.64946232e+05
 1.32019157e+01 1.91613737e+05 2.73988832e+05
 1.41372560e+01 2.06741968e+05 2.82654608e+05
 1.51388641e+01 2.22189023e+05 2.90902767e+05
 1.62114349e+01 2.38044300e+05 2.98634416e+05
 1.73599962e+01 2.54518180e+05 3.05707546e+05
 1.85899317e+01 2.71923548e+05 3.11930531e+05
 1.99070067e+01 2.90442933e+05 3.17015750e+05
 2.13173949e+01 3.10041721e+05 3.20896141e+05
 2.28277074e+01 3.30584295e+05 3.23536352e+05
 2.44450239e+01 3.51983999e+05 3.24902467e+05
 2.61769253e+01 3.73934669e+05 3.25134665e+05
 2.80315299e+01 3.95966942e+05 3.24478327e+05
 3.00175311e+01 4.17879109e+05 3.23225849e+05
 3.21442381e+01 4.39758333e+05 3.21616215e+05
 3.44216199e+01 4.61860935e+05 3.19761596e+05
 3.68603515e+01 4.84350412e+05 3.17743825e+05
 3.94718644e+01 5.08433243e+05 3.15583097e+05
 4.22684000e+01 5.34222314e+05 3.13269285e+05
