 3.07472000e-02 1.61840672e+02 2.28736569e+03
 3.28634027e-02 1.87183909e+02 2.44790057e+03
 3.51252548e-02 2.14271417e+02 2.61948441e+03
 3.75427809e-02 2.43223246e+02 2.80287766e+03
 4.01266953e-02 2.74970612e+02 2.99296176e+03
 4.28884498e-02 3.10107198e+02 3.18562224e+03
 4.58402845e-02 3.49229169e+02 3.37791686e+03
 4.89952818e-02 3.92997256e+02 3.56699041e+03
 5.23674245e-02 4.41928806e+02 3.75604493e+03
 5.59716578e-02 4.96395905e+02 3.94894539e+03
 5.98239556e-02 5.56656137e+02 4.14914435e+03
 6.39413912e-02 6.22971077e+02 4.36056850e+03
 6.83422128e-02 6.95692530e+02 4.58886501e+03
 7.30459247e-02 7.75111426e+02 4.83848377e+03
 7.80733738e-02 8.61529187e+02 5.11321288e+03
 8.34468413e-02 9.55396105e+02 5.41208154e+03
 8.91901424e-02 1.05753700e+03 5.73370656e+03
 9.53287312e-02 1.16903320e+03 6.07933069e+03
 1.01889814e-01 1.29107619e+03 6.45031597e+03
 1.08902468e-01 1.42476019e+03 6.84868905e+03
 1.16397775e-01 1.57101856e+03 7.27852026e+03
 1.24408953e-01 1.73084289e+03 7.74497638e+03
 1.32971506e-01 1.90508622e+03 8.24988639e+03
 1.42123386e-01 2.09354365e+03 8.79056652e+03
 1.51905151e-01 2.29566897e+03 9.36117205e+03
 1.62360154e-01 2.51076689e+03 9.95482410e+03
 1.73534732e-01 2.73813574e+03 1.05620414e+04
 1.85478410e-01 2.97568449e+03 1.11717977e+04
 1.98244123e-01 3.22085245e+03 1.17725026e+04
 2.11888446e-01 3.47097749e+03 1.23613863e+04
 2.26471852e-01 3.72487090e+03 1.29449417e+04
 2.42058973e-01 3.98134072e+03 1.35313651e+04
 2.58718892e-01 4.23927669e+03 1.41302479e+04
 2.76525443e-01 4.49794798e+03 1.47536873e+04
 2.95557546e-01 4.76062948e+03 1.54159622e+04
 3.15899550e-01 5.03137407e+03 1.61308512e+04
 3.37641610e-01 5.31461036e+03 1.69063796e+04
 3.60880087e-01 5.61431708e+03 1.77461849e+04
 3.85717971e-01 5.93225310e+03 1.86541030e+04
 4.12265344e-01 6.26961777e+03 1.96338841e+04
 4.40639864e-01 6.62636409e+03 2.06890500e+04
 4.70967284e-01 6.99974038e+03 2.18239910e+04
 5.03382015e-01 7.38636057e+03 2.30447427e+04
 5.38027718e-01 7.78240341e+03 2.43582857e+04
 5.75057941e-01 8.18452143e+03 2.57689586e+04
 6.14636802e-01 8.59572369e+03 2.72800571e+04
 6.56939712e-01 9.02008841e+03 2.88950041e+04
 7.02154157e-01 9.46306173e+03 3.06174510e+04
 7.50480524e-01 9.93079393e+03 3.24420294e+04
 8.02132996e-01 1.04302008e+04 3.43518706e+04
 8.57340494e-01 1.09689800e+04 3.63273341e+04
 9.16347696e-01 1.15531833e+04 3.83512941e+04
 9.79416120e-01 1.21851763e+04 4.04070053e+04
 1.04682528e+00 1.28672703e+04 4.24781996e+04
 1.11887394e+00 1.36025267e+04 4.45743293e+04
 1.19588141e+00 1.43953557e+04 4.67263863e+04
 1.27818898e+00 1.52504823e+04 4.89806680e+04
 1.36616144e+00 1.61727196e+04 5.13777349e+04
 1.46018869e+00 1.71688064e+04 5.39597719e+04
 1.56068744e+00 1.82460631e+04 5.67716879e+04
 1.66810310e+00 1.94180717e+04 5.98561952e+04
 1.78291174e+00 2.07048845e+04 6.31910544e+04
 1.90562219e+00 2.21260830e+04 6.67376327e+04
 2.03677828e+00 2.37034489e+04 7.04724740e+04
 2.17696131e+00 2.54455219e+04 7.43984621e+04
 2.32679256e+00 2.73570499e+04 7.85182617e+04
 2.48693607e+00 2.94421902e+04 8.28119691e+04
 2.65810160e+00 3.16903837e+04 8.72605802e+04
 2.84104774e+00 3.40730831e+04 9.18846025e+04
 3.03658531e+00 3.65739739e+04 9.67059842e+04
 3.24558093e+00 3.91921221e+04 1.01746263e+05
 3.46896085e+00 4.19664177e+04 1.07030285e+05
 3.70771508e+00 4.49508274e+04 1.12587395e+05
 3.96290178e+00 4.82064962e+04 1.18449736e+05
 4.23565193e+00 5.17998919e+04 1.24652077e+05
 4.52717434e+00 5.58098081e+04 1.31232415e+05
 4.83876103e+00 6.02851225e+04 1.38237751e+05
 5.17179295e+00 6.52336619e+04 1.45676529e+05
 5.52774607e+00 7.06360717e+04 1.53507094e+05
 5.90819798e+00 7.64874878e+04 1.61659298e+05
 6.31483483e+00 8.27968494e+04 1.70103175e+05
 6.74945880e+00 8.96010157e+04 1.78803444e+05
 7.21399615e+00 9.69487373e+04 1.87719257e+05
 7.71050568e+00 1.04901645e+05 1.96786824e+05
 8.24118791e+00 1.13554773e+05 2.05938372e+05
 8.80839480e+00 1.23012297e+05 2.15127695e+05
 9.41464020e+00 1.33329319e+05 2.24333124e+05
 1.00626110e+01 1.44527439e+05 2.33521215e+05
 1.07551789e+01 1.56608925e+05 2.42655028e+05
 1.14954134e+01 1.69576883e+05 2.51693879e+05
 1.22865951e+01 1.83429612e+05 2.60608097e+05
 1.31322307e+01 1.98158168e+05 2.69308248e+05
 1.40360678e+01 2.13748691e+05 2.77667104e+05
 1.50021124e+01 2.30208632e+05 2.85560013e+05
 1.60346457e+01 2.47551619e+05 2.92965515e+05
 1.71382441e+01 2.65848843e+05 2.99933334e+05
 1.83177986e+01 2.85169645e+05 3.06525725e+05
 1.95785370e+01 3.05613677e+05 3.12723288e+05
 2.09260467e+01 3.27464787e+05 3.19347404e+05
 2.23663000e+01 3.50819819e+05 3.26427430e+05
