 1.59529000e-02 1.77414609e+02 2.75073096e+03
 1.74258832e-02 2.16840378e+02 2.98568109e+03
 1.90348717e-02 2.59906457e+02 3.24232494e+03
 2.07924233e-02 3.06948967e+02 3.52266555e+03
 2.27122554e-02 3.60602285e+02 3.82574364e+03
 2.48093519e-02 4.22530329e+02 4.15427077e+03
 2.71000800e-02 4.94135902e+02 4.51117664e+03
 2.96023186e-02 5.76735974e+02 4.89905029e+03
 3.23355970e-02 6.72446078e+02 5.31855645e+03
 3.53212479e-02 7.83499889e+02 5.77231462e+03
 3.85825737e-02 9.12432526e+02 6.26984667e+03
 4.21450282e-02 1.06286942e+03 6.81498141e+03
 4.60364158e-02 1.23927586e+03 7.41130247e+03
 5.02871079e-02 1.44501692e+03 8.05432374e+03
 5.49302802e-02 1.68395217e+03 8.73855721e+03
 6.00021717e-02 1.95684507e+03 9.45779271e+03
 6.55423675e-02 2.26697700e+03 1.02035822e+04
 7.15941076e-02 2.61737240e+03 1.09626540e+04
 7.82046245e-02 3.00906878e+03 1.17350387e+04
 8.54255120e-02 3.44200938e+03 1.25205697e+04
 9.33131274e-02 3.92071946e+03 1.33280043e+04
 1.01929032e-01 4.45006369e+03 1.41613846e+04
 1.11340471e-01 5.03772141e+03 1.50251143e+04
 1.21620899e-01 5.68460512e+03 1.59239458e+04
 1.32850553e-01 6.38834234e+03 1.68622610e+04
 1.45117077e-01 7.14802239e+03 1.78381010e+04
 1.58516209e-01 7.96465626e+03 1.88491291e+04
 1.73152526e-01 8.83414130e+03 1.98870166e+04
 1.89140262e-01 9.75223870e+03 2.09580309e+04
 2.06604198e-01 1.07096881e+04 2.20696010e+04
 2.25680636e-01 1.17004606e+04 2.32303696e+04
 2.46518463e-01 1.27240461e+04 2.44487010e+04
 2.69280315e-01 1.37787888e+04 2.57297887e+04
 2.94143843e-01 1.48596004e+04 2.70793344e+04
 3.21303101e-01 1.59626472e+04 2.85160483e+04
 3.50970062e-01 1.70827711e+04 3.00576719e+04
 3.83376270e-01 1.82234629e+04 3.17248529e+04
 4.18774648e-01 1.93873464e+04 3.35413291e+04
 4.57441474e-01 2.05737346e+04 3.55108208e+04
 4.99678534e-01 2.17818087e+04 3.76336944e+04
 5.45815479e-01 2.30146523e+04 3.99082025e+04
 5.96212398e-01 2.42756515e+04 4.23236239e+04
 6.51262629e-01 2.55687406e+04 4.48759313e+04
 7.11395827e-01 2.68963537e+04 4.75709675e+04
 7.77081318e-01 2.82739073e+04 5.04162264e+04
 8.48831765e-01 2.97296705e+04 5.34451635e+04
 9.27207164e-01 3.12972845e+04 5.66915728e+04
 1.01281922e+00 3.30152915e+04 6.01930283e+04
 1.10633611e+00 3.49212518e+04 6.39877854e+04
 1.20848773e+00 3.70391874e+04 6.80791047e+04
 1.32007133e+00 3.93903934e+04 7.24462638e+04
 1.44195781e+00 4.19757605e+04 7.70622121e+04
 1.57509847e+00 4.47672264e+04 8.19355671e+04
 1.72053244e+00 4.77416242e+04 8.70703911e+04
 1.87939479e+00 5.08734499e+04 9.24614445e+04
 2.05292543e+00 5.41554338e+04 9.81009091e+04
 2.24247872e+00 5.76294309e+04 1.03994303e+05
 2.44953407e+00 6.13371260e+04 1.10169305e+05
 2.67570752e+00 6.53335374e+04 1.16672820e+05
 2.92276431e+00 6.96993087e+04 1.23511771e+05
 3.19263265e+00 7.45035001e+04 1.30766061e+05
 3.48741881e+00 7.98370495e+04 1.38521195e+05
 3.80942353e+00 8.57851267e+04 1.46871565e+05
 4.16116000e+00 9.23982107e+04 1.55896960e+05
 4.54537345e+00 9.97423440e+04 1.65635322e+05
 4.96506257e+00 1.07901479e+05 1.76063943e+05
 5.42350295e+00 1.16968455e+05 1.87116276e+05
 5.92427263e+00 1.27020142e+05 1.98656113e+05
 6.47128000e+00 1.38068602e+05 2.10559266e+05
 7.06879434e+00 1.50117802e+05 2.22666609e+05
 7.72147912e+00 1.63189285e+05 2.34887849e+05
 8.43442841e+00 1.77259968e+05 2.47114423e+05
 9.21320664e+00 1.92286001e+05 2.59223817e+05
 1.00638920e+01 2.08208913e+05 2.71154760e+05
 1.09931239e+01 2.24973712e+05 2.82796992e+05
 1.20081548e+01 2.42562195e+05 2.93967940e+05
 1.31169068e+01 2.60947065e+05 3.04508407e+05
 1.43280335e+01 2.80080777e+05 3.14152894e+05
 1.56509874e+01 2.99983994e+05 3.22705224e+05
 1.70960940e+01 3.20678434e+05 3.30101117e+05
 1.86746320e+01 3.42186836e+05 3.36193865e+05
 2.03989216e+01 3.64542790e+05 3.40827211e+05
 2.22824204e+01 3.87691632e+05 3.43991904e+05
 2.43398287e+01 4.11559549e+05 3.45654235e+05
 2.65872043e+01 4.36056770e+05 3.45844087e+05
 2.90420874e+01 4.61011874e+05 3.44581347e+05
 3.17236378e+01 4.86113993e+05 3.41781355e+05
 3.46527846e+01 5.10986428e+05 3.37465917e+05
 3.78523889e+01 5.35305626e+05 3.31952035e+05
 4.13474232e+01 5.58956432e+05 3.25487615e+05
 4.51651653e+01 5.81820707e+05 3.18377193e+05
 4.93354120e+01 6.03584843e+05 3.10950621e+05
 5.38907111e+01 6.24044956e+05 3.03560307e+05
 5.88666158e+01 6.43264999e+05 2.96617655e+05
 6.43019620e+01 6.61415986e+05 2.90483640e+05
 7.02391714e+01 6.78834232e+05 2.85079480e+05
 7.67245826e+01 6.95757922e+05 2.80295204e+05
 8.38088130e+01 7.12304082e+05 2.76073106e+05
 9.15471534e+01 7.30378004e+05 2.71461168e+05
 1.00000000e+02 7.50120749e+05 2.66423395e+05
