 1.62698000e-02 6.88851441e+02 7.97630267e+03
 1.76880579e-02 8.51669366e+02 8.68546411e+03
 1.92299469e-02 1.02868032e+03 9.45644399e+03
 2.09062443e-02 1.22112154e+03 1.02946311e+04
 2.27286666e-02 1.43639922e+03 1.12063199e+04
 2.47099515e-02 1.68055753e+03 1.21835336e+04
 2.68639474e-02 1.95905782e+03 1.32227419e+04
 2.92057097e-02 2.27785314e+03 1.43303307e+04
 3.17516063e-02 2.63920524e+03 1.55248279e+04
 3.45194316e-02 3.04586586e+03 1.68169246e+04
 3.75285316e-02 3.50466121e+03 1.82038892e+04
 4.07999384e-02 4.02673387e+03 1.96785578e+04
 4.43565177e-02 4.62475422e+03 2.12446700e+04
 4.82231282e-02 5.30678530e+03 2.29027945e+04
 5.24267957e-02 6.08141994e+03 2.46298425e+04
 5.69969020e-02 6.97004556e+03 2.63923409e+04
 6.19653899e-02 7.99771035e+03 2.81531142e+04
 6.73669867e-02 9.18516112e+03 2.99143768e+04
 7.32394473e-02 1.05464859e+04 3.16919986e+04
 7.96238172e-02 1.20913979e+04 3.35055724e+04
 8.65647202e-02 1.38294293e+04 3.53596882e+04
 9.41106700e-02 1.57701518e+04 3.72616938e+04
 1.02314409e-01 1.78985134e+04 3.92179804e+04
 1.11233278e-01 2.01950943e+04 4.12352217e+04
 1.20929616e-01 2.26446478e+04 4.33009622e+04
 1.31471194e-01 2.52366133e+04 4.53799937e+04
 1.42931695e-01 2.79748934e+04 4.74313779e+04
 1.55391221e-01 3.08729371e+04 4.94420485e+04
 1.68936859e-01 3.39099134e+04 5.14195936e+04
 1.83663287e-01 3.70691298e+04 5.33676955e+04
 1.99673434e-01 4.03233816e+04 5.52883140e+04
 2.17079205e-01 4.36401625e+04 5.71736656e+04
 2.36002258e-01 4.69772580e+04 5.90463876e+04
 2.56574856e-01 5.02722189e+04 6.09167534e+04
 2.78940792e-01 5.34669597e+04 6.27817210e+04
 3.03256394e-01 5.65875884e+04 6.46240676e+04
 3.29691615e-01 5.96744700e+04 6.64362054e+04
 3.58431226e-01 6.27710021e+04 6.81961005e+04
 3.89676103e-01 6.59072912e+04 6.98766481e+04
 4.23644633e-01 6.91197129e+04 7.14263351e+04
 4.60574241e-01 7.24511923e+04 7.28311170e+04
 5.00723046e-01 7.59390660e+04 7.41099708e+04
 5.44371671e-01 7.95296286e+04 7.52896085e+04
 5.91825198e-01 8.31568080e+04 7.64047546e+04
 6.43415306e-01 8.67652113e+04 7.75426527e+04
 6.99502585e-01 9.03216640e+04 7.88066530e+04
 7.60479059e-01 9.37922625e+04 8.03166532e+04
 8.26770924e-01 9.71394545e+04 8.21646167e+04
 8.98841531e-01 1.00311687e+05 8.43592903e+04
 9.77194619e-01 1.03360014e+05 8.69021133e+04
 1.06237784e+00 1.06352405e+05 8.97819098e+04
 1.15498658e+00 1.09357260e+05 9.29564594e+04
 1.25566814e+00 1.12436597e+05 9.63984495e+04
 1.36512622e+00 1.15653229e+05 1.00075962e+05
 1.48412590e+00 1.19078465e+05 1.03995024e+05
 1.61349893e+00 1.22793246e+05 1.08205733e+05
 1.75414955e+00 1.26802783e+05 1.12747978e+05
 1.90706086e+00 1.31102108e+05 1.17664834e+05
 2.07330163e+00 1.35688137e+05 1.22971045e+05
 2.25403380e+00 1.40565777e+05 1.28610463e+05
 2.45052061e+00 1.45745246e+05 1.34512847e+05
 2.66413542e+00 1.51235660e+05 1.40564866e+05
 2.89637127e+00 1.57046022e+05 1.46703388e+05
 3.14885141e+00 1.63209881e+05 1.52902266e+05
 3.42334054e+00 1.69780075e+05 1.59130365e+05
 3.72175721e+00 1.76806135e+05 1.65393502e+05
 4.04618723e+00 1.84327191e+05 1.71755508e+05
 4.39889819e+00 1.92386280e+05 1.78291328e+05
 4.78235539e+00 2.01040018e+05 1.85058806e+05
 5.19923900e+00 2.10363655e+05 1.92085137e+05
 5.65246286e+00 2.20424939e+05 1.99377418e+05
 6.14519479e+00 2.31288805e+05 2.06920093e+05
 6.68087874e+00 2.43018332e+05 2.14684680e+05
 7.26325890e+00 2.55703866e+05 2.22628324e+05
 7.89640583e+00 2.69444083e+05 2.30669158e+05
 8.58474494e+00 2.84329433e+05 2.38665761e+05
 9.33308739e+00 3.00423527e+05 2.46439107e+05
 1.01466637e+01 3.17653084e+05 2.53796333e+05
 1.10311605e+01 3.35882438e+05 2.60594068e+05
 1.19927599e+01 3.55000085e+05 2.66678890e+05
 1.30381831e+01 3.74856487e+05 2.71837324e+05
 1.41747370e+01 3.95198983e+05 2.75903908e+05
 1.54103658e+01 4.15673761e+05 2.78966911e+05
 1.67537057e+01 4.35889114e+05 2.81121485e+05
 1.82141462e+01 4.55759936e+05 2.82409002e+05
 1.98018950e+01 4.75407085e+05 2.82803070e+05
 2.15280498e+01 4.94945418e+05 2.82297887e+05
 2.34046756e+01 5.14440526e+05 2.81016641e+05
 2.54448890e+01 5.33950826e+05 2.79101148e+05
 2.76629503e+01 5.53713063e+05 2.76510798e+05
 3.00743627e+01 5.73999377e+05 2.73176644e+05
 3.26959807e+01 5.94783364e+05 2.69120176e+05
 3.55461283e+01 6.15622403e+05 2.64455077e+05
 3.86447267e+01 6.35979093e+05 2.59357253e+05
 4.20134336e+01 6.55500680e+05 2.53787513e+05
 4.56757946e+01 6.74336120e+05 2.47740581e+05
 4.96574081e+01 6.92569269e+05 2.41217375e+05
 5.39861035e+01 7.10100253e+05 2.34228004e+05
 5.86921365e+01 7.29159435e+05 2.26629361e+05
 6.38084000e+01 7.49880028e+05 2.18368335e+05
