 1.62537000e-02 1.92472304e+03 1.82215835e+04
 1.77376859e-02 2.31745823e+03 1.96894136e+04
 1.93571619e-02 2.74605069e+03 2.12912587e+04
 2.11244983e-02 3.21377426e+03 2.30393546e+04
 2.30531950e-02 3.73454555e+03 2.49288582e+04
 2.51579845e-02 4.31868060e+03 2.69643687e+04
 2.74549443e-02 4.98570557e+03 2.91523724e+04
 2.99616198e-02 5.75877171e+03 3.14978605e+04
 3.26971583e-02 6.66726834e+03 3.40147385e+04
 3.56824553e-02 7.74204705e+03 3.67328005e+04
 3.89403143e-02 9.01057776e+03 3.96732512e+04
 4.24956203e-02 1.05040934e+04 4.28270064e+04
 4.63755309e-02 1.22509681e+04 4.61776412e+04
 5.06096829e-02 1.42623863e+04 4.97142474e+04
 5.52304189e-02 1.65473368e+04 5.34330468e+04
 6.02730347e-02 1.91091342e+04 5.73377808e+04
 6.57760485e-02 2.19616375e+04 6.14039824e+04
 7.17814953e-02 2.51372434e+04 6.56007099e+04
 7.83352479e-02 2.86645467e+04 6.99227805e+04
 8.54873675e-02 3.25630490e+04 7.43624267e+04
 9.32924857e-02 3.68678921e+04 7.88944613e+04
 1.01810222e-01 4.16152461e+04 8.34590725e+04
 1.11105640e-01 4.68444157e+04 8.79476451e+04
 1.21249744e-01 5.25602939e+04 9.22599027e+04
 1.32320018e-01 5.87302273e+04 9.63322373e+04
 1.44401023e-01 6.53404513e+04 1.00167958e+05
 1.57585042e-01 7.23596604e+04 1.03757055e+05
 1.71972781e-01 7.97203377e+04 1.07072969e+05
 1.87674140e-01 8.73482484e+04 1.10131120e+05
 2.04809056e-01 9.51546849e+04 1.12978876e+05
 2.23508414e-01 1.03044719e+05 1.15658883e+05
 2.43915050e-01 1.10932297e+05 1.18177155e+05
 2.66184841e-01 1.18683940e+05 1.20456745e+05
 2.90487896e-01 1.26252599e+05 1.22466226e+05
 3.17009854e-01 1.33654322e+05 1.24249445e+05
 3.45953305e-01 1.40906615e+05 1.25813060e+05
 3.77539334e-01 1.48043565e+05 1.27167752e+05
 4.12009212e-01 1.55150788e+05 1.28323124e+05
 4.49626239e-01 1.62328057e+05 1.29287327e+05
 4.90677754e-01 1.69663636e+05 1.30067436e+05
 5.35477331e-01 1.77155817e+05 1.30634391e+05
 5.84367173e-01 1.84754980e+05 1.30928727e+05
 6.37720727e-01 1.92401073e+05 1.30943923e+05
 6.95945536e-01 2.00007034e+05 1.30712230e+05
 7.59486354e-01 2.07440246e+05 1.30294748e+05
 8.28828538e-01 2.14547632e+05 1.29773978e+05
 9.04501763e-01 2.21300629e+05 1.29267726e+05
 9.87084060e-01 2.27727734e+05 1.28928053e+05
 1.07720624e+00 2.33870295e+05 1.28902092e+05
 1.17555670e+00 2.39782883e+05 1.29319783e+05
 1.28288670e+00 2.45567796e+05 1.30225964e+05
 1.40001608e+00 2.51372559e+05 1.31639680e+05
 1.52783954e+00 2.57371462e+05 1.33574928e+05
 1.66733346e+00 2.63660130e+05 1.36006611e+05
 1.81956338e+00 2.70305641e+05 1.38864148e+05
 1.98569210e+00 2.77329425e+05 1.42063679e+05
 2.16698862e+00 2.84751108e+05 1.45564506e+05
 2.36483776e+00 2.92550819e+05 1.49409203e+05
 2.58075081e+00 3.00656904e+05 1.53648974e+05
 2.81637703e+00 3.08990703e+05 1.58321766e+05
 3.07351626e+00 3.17452188e+05 1.63488371e+05
 3.35413267e+00 3.25985455e+05 1.69221873e+05
 3.66036975e+00 3.34633109e+05 1.75546464e+05
 3.99456672e+00 3.43430226e+05 1.82320476e+05
 4.35927634e+00 3.52429952e+05 1.89338635e+05
 4.75728447e+00 3.61708071e+05 1.96420471e+05
 5.19163131e+00 3.71321042e+05 2.03407654e+05
 5.66563463e+00 3.81331277e+05 2.10117768e+05
 6.18291513e+00 3.91737838e+05 2.16381054e+05
 6.74742408e+00 4.02555389e+05 2.22133288e+05
 7.36347349e+00 4.13876012e+05 2.27417633e+05
 8.03576910e+00 4.25854751e+05 2.32326622e+05
 8.76944625e+00 4.38690501e+05 2.36979132e+05
 9.57010916e+00 4.52649362e+05 2.41364564e+05
 1.04438737e+01 4.67894056e+05 2.45462745e+05
 1.13974143e+01 4.84538699e+05 2.49238880e+05
 1.24380144e+01 5.02618829e+05 2.52572442e+05
 1.35736228e+01 5.21973632e+05 2.55310390e+05
 1.48129139e+01 5.42253053e+05 2.57253705e+05
 1.61653540e+01 5.62968918e+05 2.58116566e+05
 1.76412738e+01 5.83527923e+05 2.57890879e+05
 1.92519472e+01 6.03603130e+05 2.56586780e+05
 2.10096774e+01 6.22916208e+05 2.54215520e+05
 2.29278908e+01 6.41157220e+05 2.50804368e+05
 2.50212398e+01 6.58262099e+05 2.46484573e+05
 2.73057146e+01 6.74277945e+05 2.41452610e+05
 2.97987652e+01 6.89400272e+05 2.35946454e+05
 3.25194348e+01 7.03870025e+05 2.30045463e+05
 3.54885055e+01 7.17603006e+05 2.23908713e+05
 3.87286565e+01 7.30539257e+05 2.17738346e+05
 4.22646379e+01 7.42670194e+05 2.11754810e+05
 4.61234595e+01 7.53913224e+05 2.06030432e+05
 5.03345970e+01 7.64254250e+05 2.00555673e+05
 5.49302173e+01 7.73672938e+05 1.95310775e+05
 5.99454242e+01 7.82133140e+05 1.90264872e+05
 6.54185267e+01 7.89937024e+05 1.85278252e+05
 7.13913313e+01 7.97387167e+05 1.80168887e+05
 7.79094614e+01 8.04722809e+05 1.74747881e+05
 8.50227060e+01 8.12728206e+05 1.68831929e+05
 9.27854000e+01 8.21464506e+05 1.62375843e+05
