 1.29894000e-02 2.89876593e+03 2.69065445e+04
 1.41886940e-02 3.42621818e+03 2.92918681e+04
 1.54987172e-02 4.00236939e+03 3.18974254e+04
 1.69296931e-02 4.63171587e+03 3.47435504e+04
 1.84927891e-02 5.34244712e+03 3.78414957e+04
 2.02002037e-02 6.16474955e+03 4.11784533e+04
 2.20652616e-02 7.12894849e+03 4.47526050e+04
 2.41025178e-02 8.26721841e+03 4.85699642e+04
 2.63278711e-02 9.61066729e+03 5.26643051e+04
 2.87586884e-02 1.11900914e+04 5.70724343e+04
 3.14139397e-02 1.30325618e+04 6.17899263e+04
 3.43143469e-02 1.51660699e+04 6.67985216e+04
 3.74825449e-02 1.75997075e+04 7.21411400e+04
 4.09432583e-02 2.03616865e+04 7.78334040e+04
 4.47234947e-02 2.34849811e+04 8.38679953e+04
 4.88527554e-02 2.70131718e+04 9.02077535e+04
 5.33632652e-02 3.10308926e+04 9.68387601e+04
 5.82902244e-02 3.56448566e+04 1.03784764e+05
 6.36720831e-02 4.09611717e+04 1.11034871e+05
 6.95508417e-02 4.71132428e+04 1.18466684e+05
 7.59723782e-02 5.41393025e+04 1.26022060e+05
 8.29868067e-02 6.20569814e+04 1.33640248e+05
 9.06488680e-02 7.08539445e+04 1.41231212e+05
 9.90183571e-02 8.04222484e+04 1.48610453e+05
 1.08160590e-01 9.06278178e+04 1.55552851e+05
 1.18146913e-01 1.01354566e+05 1.61944804e+05
 1.29055260e-01 1.12478770e+05 1.67821725e+05
 1.40970760e-01 1.24030484e+05 1.73153945e+05
 1.53986403e-01 1.35997864e+05 1.77934844e+05
 1.68203762e-01 1.48380274e+05 1.82244338e+05
 1.83733792e-01 1.61219698e+05 1.86187961e+05
 2.00697688e-01 1.74525001e+05 1.89865347e+05
 2.19227838e-01 1.88267901e+05 1.93280969e+05
 2.39468852e-01 2.02349100e+05 1.96332258e+05
 2.61578692e-01 2.16550872e+05 1.98960145e+05
 2.85729904e-01 2.30850496e+05 2.01085375e+05
 3.12110965e-01 2.45199331e+05 2.02569811e+05
 3.40927755e-01 2.59466721e+05 2.03393584e+05
 3.72405160e-01 2.73577292e+05 2.03612344e+05
 4.06788832e-01 2.87436061e+05 2.03281513e+05
 4.44347103e-01 3.00993214e+05 2.02457227e+05
 4.85373079e-01 3.14259134e+05 2.01169483e+05
 5.30186928e-01 3.27066801e+05 1.99448947e+05
 5.79138381e-01 3.39247357e+05 1.97352187e+05
 6.32609455e-01 3.50862638e+05 1.94894223e+05
 6.91017443e-01 3.61937617e+05 1.92051353e+05
 7.54818163e-01 3.72464113e+05 1.88853098e+05
 8.24509518e-01 3.82475795e+05 1.85379733e+05
 9.00635383e-01 3.91954929e+05 1.81733565e+05
 9.83789848e-01 4.00972564e+05 1.78108934e+05
 1.07462185e+00 4.09752296e+05 1.74687260e+05
 1.17384026e+00 4.18390291e+05 1.71580672e+05
 1.28221936e+00 4.26920443e+05 1.68915653e+05
 1.40060497e+00 4.35564095e+05 1.66797809e+05
 1.52992096e+00 4.44528275e+05 1.65316904e+05
 1.67117652e+00 4.53911784e+05 1.64560501e+05
 1.82547402e+00 4.63576694e+05 1.64426576e+05
 1.99401761e+00 4.73166139e+05 1.64814508e+05
 2.17812260e+00 4.82330508e+05 1.65665673e+05
 2.37922575e+00 4.91072822e+05 1.66904905e+05
 2.59889650e+00 4.99287180e+05 1.68443665e+05
 2.83884915e+00 5.06835697e+05 1.70176819e+05
 3.10095631e+00 5.13836129e+05 1.71988219e+05
 3.38726347e+00 5.20676464e+05 1.73882355e+05
 3.70000499e+00 5.27869579e+05 1.75860322e+05
 4.04162152e+00 5.35806757e+05 1.77922566e+05
 4.41477905e+00 5.44472227e+05 1.80068836e+05
 4.82238972e+00 5.53849945e+05 1.82283041e+05
 5.26763453e+00 5.63999595e+05 1.84542528e+05
 5.75398821e+00 5.75005446e+05 1.86819976e+05
 6.28524627e+00 5.86651235e+05 1.89077132e+05
 6.86555469e+00 5.98673391e+05 1.91285846e+05
 7.49944220e+00 6.10897084e+05 1.93413858e+05
 8.19185570e+00 6.23258923e+05 1.95424447e+05
 8.94819883e+00 6.35716959e+05 1.97279754e+05
 9.77437410e+00 6.48165346e+05 1.98904943e+05
 1.06768290e+01 6.60291035e+05 2.00211988e+05
 1.16626064e+01 6.72323296e+05 2.01100661e+05
 1.27393993e+01 6.84546650e+05 2.01474090e+05
 1.39156111e+01 6.97280845e+05 2.01215391e+05
 1.52004209e+01 7.10624899e+05 2.00197386e+05
 1.66038555e+01 7.24466248e+05 1.98370906e+05
 1.81368674e+01 7.38658540e+05 1.95785018e+05
 1.98114202e+01 7.53414348e+05 1.92508779e+05
 2.16405822e+01 7.68671203e+05 1.88645286e+05
 2.36386283e+01 7.83838616e+05 1.84308341e+05
 2.58211514e+01 7.98272316e+05 1.79659174e+05
 2.82051839e+01 8.11800555e+05 1.74882332e+05
 3.08093309e+01 8.24502624e+05 1.70073934e+05
 3.36539154e+01 8.36472210e+05 1.65278188e+05
 3.67611366e+01 8.46976684e+05 1.60545497e+05
 4.01552433e+01 8.55184635e+05 1.55891997e+05
 4.38627234e+01 8.61562096e+05 1.51331518e+05
 4.79125102e+01 8.66658621e+05 1.46866861e+05
 5.23362084e+01 8.70626780e+05 1.42472171e+05
 5.71683408e+01 8.73567033e+05 1.38094988e+05
 6.24466175e+01 8.75617236e+05 1.33670271e+05
 6.82122305e+01 8.77570634e+05 1.29152832e+05
 7.45101749e+01 8.79704386e+05 1.24218304e+05
 8.13896000e+01 8.82035145e+05 1.18828177e+05
