 1.62537000e-02 6.61657785e+03 5.43005576e+04
 1.81508177e-02 8.50042440e+03 6.00679025e+04
 2.02693652e-02 1.06041519e+04 6.65084069e+04
 2.26351879e-02 1.29534246e+04 7.37006413e+04
 2.52771472e-02 1.56547729e+04 8.16959386e+04
 2.82274738e-02 1.88374384e+04 9.05046205e+04
 3.15221598e-02 2.26276565e+04 1.00133198e+05
 3.52013988e-02 2.71442355e+04 1.10578903e+05
 3.93100753e-02 3.25041929e+04 1.21892648e+05
 4.38983130e-02 3.88557097e+04 1.34092677e+05
 4.90220857e-02 4.63362435e+04 1.47098329e+05
 5.47439007e-02 5.51127024e+04 1.60818072e+05
 6.11335610e-02 6.53342683e+04 1.75154040e+05
 6.82690168e-02 7.71461181e+04 1.90084018e+05
 7.62373169e-02 9.07820100e+04 2.05573618e+05
 8.51356699e-02 1.06341142e+05 2.21312910e+05
 9.50726309e-02 1.23872702e+05 2.36866590e+05
 1.06169425e-01 1.43427626e+05 2.51963446e+05
 1.18561428e-01 1.64903753e+05 2.66215700e+05
 1.32399814e-01 1.88125928e+05 2.79326065e+05
 1.47853405e-01 2.12844767e+05 2.90889407e+05
 1.65110725e-01 2.38582369e+05 3.00406023e+05
 1.84382305e-01 2.65233857e+05 3.07789962e+05
 2.05903246e-01 2.92610999e+05 3.13160032e+05
 2.29936093e-01 3.20444273e+05 3.16540995e+05
 2.56774033e-01 3.48509067e+05 3.18191063e+05
 2.86744474e-01 3.76525316e+05 3.18269149e+05
 3.20213039e-01 4.04273031e+05 3.16902940e+05
 3.57588025e-01 4.31789985e+05 3.14390109e+05
 3.99325387e-01 4.58769377e+05 3.10879111e+05
 4.45934297e-01 4.85001870e+05 3.06470925e+05
 4.97983359e-01 5.10273850e+05 3.01252551e+05
 5.56107542e-01 5.34358152e+05 2.95218848e+05
 6.21015928e-01 5.57172599e+05 2.88427763e+05
 6.93500365e-01 5.78815681e+05 2.81040089e+05
 7.74445121e-01 5.99215906e+05 2.73244090e+05
 8.64837680e-01 6.18320211e+05 2.65204261e+05
 9.65780778e-01 6.36266337e+05 2.57010711e+05
 1.07850587e+00 6.53280243e+05 2.48771965e+05
 1.20438813e+00 6.69658412e+05 2.40649085e+05
 1.34496326e+00 6.85645215e+05 2.32785971e+05
 1.50194620e+00 7.01257935e+05 2.25285258e+05
 1.67725205e+00 7.16490147e+05 2.18025778e+05
 1.87301944e+00 7.31334237e+05 2.10881233e+05
 2.09163663e+00 7.45581474e+05 2.03864226e+05
 2.33577063e+00 7.59168190e+05 1.97107095e+05
 2.60839974e+00 7.72032941e+05 1.90550593e+05
 2.91284988e+00 7.84122613e+05 1.84088906e+05
 3.25283517e+00 7.95495464e+05 1.77626979e+05
 3.63250325e+00 8.06402963e+05 1.71279266e+05
 4.05648586e+00 8.17058158e+05 1.65232667e+05
 4.52995535e+00 8.27645225e+05 1.59578241e+05
 5.05868778e+00 8.38200744e+05 1.54190592e+05
 5.64913339e+00 8.48798943e+05 1.49100095e+05
 6.30849531e+00 8.59445126e+05 1.44371614e+05
 7.04481737e+00 8.69975804e+05 1.40006790e+05
 7.86708230e+00 8.80072128e+05 1.35970252e+05
 8.78532128e+00 8.89679519e+05 1.32179128e+05
 9.81073630e+00 8.98720877e+05 1.28571305e+05
 1.09558369e+01 9.07082264e+05 1.25163321e+05
 1.22345926e+01 9.14620365e+05 1.21967523e+05
 1.36626035e+01 9.21423205e+05 1.18994538e+05
 1.52572907e+01 9.27604577e+05 1.16260489e+05
 1.70381083e+01 9.33285727e+05 1.13698545e+05
 1.90267815e+01 9.38382480e+05 1.11219813e+05
 2.12475708e+01 9.42889570e+05 1.08727404e+05
 2.37275687e+01 9.46948532e+05 1.06175751e+05
 2.64970298e+01 9.50789789e+05 1.03517039e+05
 2.95897399e+01 9.54529649e+05 1.00699217e+05
 3.30434285e+01 9.58327903e+05 9.77016172e+04
 3.69002286e+01 9.62353038e+05 9.45935152e+04
 4.12071911e+01 9.66800218e+05 9.14786070e+04
 4.60168584e+01 9.71829528e+05 8.84623380e+04
 5.13879060e+01 9.77244726e+05 8.56034219e+04
 5.73858575e+01 9.82668283e+05 8.29642521e+04
 6.40838846e+01 9.87626923e+05 8.06034905e+04
 7.15636996e+01 9.91907443e+05 7.85792122e+04
 7.99165522e+01 9.95503811e+05 7.68563931e+04
 8.92443423e+01 9.98447607e+05 7.53370818e+04
 9.96608640e+01 1.00074173e+06 7.39297523e+04
 1.11293193e+02 1.00261669e+06 7.25773051e+04
 1.24283237e+02 1.00443756e+06 7.12095919e+04
 1.38789468e+02 1.00664898e+06 6.97704275e+04
 1.54988854e+02 1.00938185e+06 6.82134904e+04
 1.73079017e+02 1.01248246e+06 6.65621573e+04
 1.93280649e+02 1.01575560e+06 6.48816823e+04
 2.15840197e+02 1.01912521e+06 6.31985894e+04
 2.41032877e+02 1.02266668e+06 6.15211669e+04
 2.69166024e+02 1.02647943e+06 5.98785977e+04
 3.00582847e+02 1.03065276e+06 5.82870475e+04
 3.35666614e+02 1.03507608e+06 5.67519388e+04
 3.74845328e+02 1.03971191e+06 5.52615161e+04
 4.18596947e+02 1.04451919e+06 5.37976722e+04
 4.67455217e+02 1.04951540e+06 5.23761930e+04
 5.22016182e+02 1.05443679e+06 5.10324982e+04
 5.82945455e+02 1.05914981e+06 4.97464973e+04
 6.50986339e+02 1.06353409e+06 4.84873212e+04
 7.26968896e+02 1.06770920e+06 4.72287255e+04
 8.11820071e+02 1.07237162e+06 4.58232276e+04
 9.06575000e+02 1.07757824e+06 4.42536812e+04
