0.01469	2227
0.01698	3149
0.01963	4083
0.02204	5293
0.02548	7064
0.02861	9159
0.03506	13330
0.04422	21140
0.05578	32590
0.06449	43480
0.07903	63260
0.09971	94720
0.1223	1.26E+05
0.1544	1.69E+05
0.1785	2.25E+05
0.2005	2.60E+05
0.2389	3.18E+05
0.2929	4.11E+05
0.4159	5.64E+05
0.5255	6.70E+05
0.6841	7.51E+05
0.9442	8.66E+05
1.382	9.69E+05
2.146	1.12E+06
2.878	1.18E+06
3.747	1.28E+06
5.17E+00	1.36E+06
7.36E+00	1.48E+06
1.02E+01	1.56E+06
1.45E+01	1.65E+06
2.06E+01	1.69E+06
2.92E+01	1.79E+06
4.68E+01	1.94E+06
6.85E+01	2.00E+06
9.18E+01	2.11E+06
1.23E+02	2.17E+06
1.80E+02	2.36E+06
2.49E+02	2.35E+06
3.25E+02	2.49E+06

