2.63E-04	1823
3.22E-04	2811
3.83E-04	4091
5.12E-04	6874
6.46E-04	11230
0.0008386	18330
0.001028	26670
0.001334	44830
0.001785	71090
0.002319	1.06E+05
0.003287	1.84E+05
0.0048	3.09E+05
0.007014	4.76E+05
0.01026	6.52E+05
0.01638	8.43E+05
0.02859	1.06E+06
0.05293	1.22E+06
0.08465	1.32E+06
0.1522	1.48E+06
0.2365	1.56E+06
0.3895	1.65E+06
0.8356	1.79E+06
1.548	1.89E+06
2.954	1.99E+06
4.866	2.04E+06
8.503	2.09E+06
14.43	2.08E+06
24.48	2.13E+06
40.33	2.19E+06
66.45	2.24E+06
116.1	2.23E+06
228.1	2.42E+06
435.2	2.63E+06
619	2.70E+06
854.8	2.85E+06
1408	3.10E+06
2123	3.37E+06
3394	3.88E+06
4970	4.22E+06
8179	5.15E+06
12330	6.10E+06
16520	7.04E+06

