0.0008251		2345
0.001073		3037
0.001479		4166
0.001924		5396
0.00236		6792
0.002894		8549
0.003876		11400
0.004896		13930
0.005501		16560
0.007154		21450
0.009036		26990
0.0132		41550
0.01874		58660
2.44E-02		75970
3.26E-02		98360
4.50E-02		1.35E+05
6.21E-02		1.80E+05
8.81E-02		2.40E+05
1.15E-01		3.01E+05
1.63E-01		3.68E+05
2.53E-01		4.37E+05
3.39E-01		4.61E+05
5.27E-01		4.73E+05
7.49E-01		4.72E+05
1.07E+00		4.57E+05
1.71E+00		4.43E+05
2.43E+00		4.29E+05
3.36E+00		4.04E+05
4.775		4.03E+05
6.997		3.90E+05
10.25		3.78E+05
15.02		3.88E+05
22		3.98E+05
37.33		4.08E+05
57.98		4.31E+05
84.9		4.68E+05
128		5.09E+05
204.7		5.86E+05
308.5		6.95E+05
478.5		8.99E+05

