6.74E-05		7619
8.77E-05		9867
0.0001107		13160
0.0001482		18050
0.0001872		22720
0.0002505		33030
0.0003163		42790
0.0004237		55400
0.0005196		69740
0.0006561		92990
0.0008787		1.20E+05
0.001211		1.70E+05
0.001824		2.40E+05
0.002515		3.11E+05
0.003679		4.02E+05
0.005386		4.50E+05
0.00766		4.75E+05
0.01122		4.74E+05
0.01693		4.72E+05
0.02555		4.71E+05
0.04467		4.30E+05
0.07584		4.04E+05
0.1214		3.80E+05
0.2061		3.47E+05
0.35		3.17E+05
0.5282		2.98E+05
0.9512		2.72E+05
1.615		2.48E+05
2.663		2.27E+05
4.138		2.19E+05
6.822		2.06E+05
10.6		2.06E+05
15.08		2.11E+05
23.42		2.16E+05
33.31		2.35E+05
48.75		2.71E+05
65.37		2.95E+05
90.22		3.40E+05
124.5		3.92E+05
166.9		4.66E+05
223.7		5.37E+05
3.00E+02		6.38E+05
4.39E+02		8.01E+05
7.21E+02		1.07E+06
1.06E+03		1.38E+06
1.54E+03		1.73E+06
2.19E+03		2.18E+06
3.21E+03		2.90E+06
4.97E+03		3.87E+06
7.06E+03		5.00E+06
1.03E+04		6.48E+06
1.51E+04		8.62E+06

