0.0001895	90.68
0.0003358	177.1
0.0005155	345.8
0.0008064	442.7
0.001284	557
0.001261	737.9
0.001591	849.8
0.001591	961.1
0.001903	896.2
0.001937	1126
0.002358	1320
0.003084	1750
0.003028	1979
4.03E-03	2.02E+03
5.00E-03	2.63E+03
5.00E-03	2.92E+03
6.31E-03	2.97E+03
6.09E-03	3.24E+03
7.96E-03	3.80E+03
7.68E-03	4.22E+03
8.40E-03	4.45E+03
1.00E-02	4.70E+03
1.25E-02	5.51E+03
1.34E-02	6.68E+03
1.52E-02	6.57E+03
1.69E-02	6.34E+03
1.95E-02	8.11E+03
2.13E-02	8.86E+03
0.02501	9850
0.031	11150
0.03642	12830
0.04514	15310
0.05398	17320
0.06691	20300
0.08295	22570
0.101	24230
0.1208	26930
0.1345	28400
0.1609	31020
0.1924	33890
0.2181	36370
0.2472	37020
0.2802	40440
0.312	43400
0.3474	4.50E+04
0.4081	4.66E+04
0.4544	5.18E+04
0.5339	5.09E+04
0.5735	5.66E+04
0.6738	5.76E+04
0.8205	6.18E+04
0.8973	6.52E+04
1.017	6.75E+04
1.133	7.00E+04
1.284	7.25E+04
1.429	7.38E+04
1.62	8.06E+04
1.904	8.21E+04
2.158	8.66E+04
2.318	8.51E+04
2.535	9.13E+04
2.823	9.29E+04
3.317	9.63E+04
3.69E+00	1.02E+05
4.26E+00	9.98E+04
4.66E+00	1.07E+05
5.48E+00	1.05E+05
5.78E+00	1.13E+05
6.43E+00	1.15E+05
7.16E+00	1.15E+05
8.12E+00	1.19E+05
9.04E+00	1.24E+05
1.03E+01	1.30E+05
1.20E+01	1.30E+05
1.34E+01	1.37E+05
1.49E+01	1.35E+05
1.85E+01	1.37E+05
2.30E+01	1.42E+05
2.95E+01	1.50E+05
3.59E+01	1.56E+05
4.87E+01	1.67E+05
5.52E+01	1.64E+05
7.90E+01	1.93E+05
8.80E+01	1.86E+05
1.21E+02	2.00E+05

