1.28E-04		347.7
0.0002016		510.2
0.0003284		748.2
0.0005068		1041
0.0008115		1582
0.001297		2126
0.001668		2236
0.001966		2907
0.00262		3168
0.003316		3974
0.004043		4332
0.005114		5247
0.006462		5820
0.008028		6927
0.009112		7690
0.01052		7817
0.01306		8826
0.01456		9974
0.01941		11060
0.02683		12260
0.03646		14840
0.04208		15080
0.0504		17040
0.06718		18560
0.08339		20590
0.1053		21290
0.1238		23630
0.1455		24020
0.168		25290
0.1905		25710
0.232		26130
0.2681		29010
0.3149		28970
0.3836		29960
0.4353		32680
0.4841		30440
0.5398		33800
0.6693		34950
0.7447		33130
0.9231		33070
0.876		36760
1.086		37350
1.231		37320
1.396		39300
1.498		35350
1.764		42090
2.033		38510
2.345		38460
2.86		42680
3.419		41880
3.74		42590
4.241		44070
4.982		44020
5.85E+00		43200
6.88E+00		4.79E+04
8.99E+00		4.38E+04
1.06E+01		4.95E+04
11.77		45290
13.58		46860
15.4		47650
19.45		51030
24.11		50950
30.44		53610
37.74		54470
50.3		58310
57.08		63600
76.05		66900
92.7		72940
121.4		79470

