 1.05500000e-03 1.24260165e+03 1.78202741e+04
 1.18418285e-03 1.63021304e+03 1.96322778e+04
 1.32918390e-03 2.06528674e+03 2.16661581e+04
 1.49194006e-03 2.55363443e+03 2.39490834e+04
 1.67462543e-03 3.12380440e+03 2.64982822e+04
 1.87968029e-03 3.79833127e+03 2.93377934e+04
 2.10984375e-03 4.59978121e+03 3.25054275e+04
 2.36819031e-03 5.56314884e+03 3.60309573e+04
 2.65817093e-03 6.72831980e+03 3.99530988e+04
 2.98365917e-03 8.13958631e+03 4.43155877e+04
 3.34900284e-03 9.83663976e+03 4.91428936e+04
 3.75908219e-03 1.18704792e+04 5.44427303e+04
 4.21937502e-03 1.43014744e+04 6.02120979e+04
 4.73602987e-03 1.72020488e+04 6.64467343e+04
 5.31594818e-03 2.06299617e+04 7.31522667e+04
 5.96687644e-03 2.46529753e+04 8.02931886e+04
 6.69750968e-03 2.93472111e+04 8.78226383e+04
 7.51760765e-03 3.47957957e+04 9.57085909e+04
 8.43812513e-03 4.10667250e+04 1.03931272e+05
 9.47135832e-03 4.81779976e+04 1.12449214e+05
 1.06311090e-02 5.61359363e+04 1.21195112e+05
 1.19328692e-02 6.49514838e+04 1.30125015e+05
 1.33940274e-02 7.45719089e+04 1.39263584e+05
 1.50341019e-02 8.48344255e+04 1.48599668e+05
 1.68750005e-02 9.55332438e+04 1.58104123e+05
 1.89413139e-02 1.06439144e+05 1.67771778e+05
 2.12606436e-02 1.17465743e+05 1.77560358e+05
 2.38639710e-02 1.28709259e+05 1.87346754e+05
 2.67860712e-02 1.40316306e+05 1.96922442e+05
 3.00659772e-02 1.52614785e+05 2.06054357e+05
 3.37475018e-02 1.66181036e+05 2.14620059e+05
 3.78798225e-02 1.81468971e+05 2.22552227e+05
 4.25181383e-02 1.98979758e+05 2.29745265e+05
 4.77244076e-02 2.19051770e+05 2.36297978e+05
 5.35681752e-02 2.41430864e+05 2.42516384e+05
 6.01275015e-02 2.65634004e+05 2.48724516e+05
 6.74900055e-02 2.90925757e+05 2.55242697e+05
 7.57540348e-02 3.16447174e+05 2.62295451e+05
 8.50299796e-02 3.41864792e+05 2.69936085e+05
 9.54417470e-02 3.66702796e+05 2.78179545e+05
 1.07128417e-01 3.90499510e+05 2.86848580e+05
 1.20246098e-01 4.13307305e+05 2.95687043e+05
 1.34970015e-01 4.35494378e+05 3.04577507e+05
 1.51496850e-01 4.57460530e+05 3.13354304e+05
 1.70047366e-01 4.79513330e+05 3.21874215e+05
 1.90869359e-01 5.01568712e+05 3.30177706e+05
 2.14240967e-01 5.23855354e+05 3.38376421e+05
 2.40474387e-01 5.46619267e+05 3.46572471e+05
 2.69920041e-01 5.70041588e+05 3.54802039e+05
 3.02971263e-01 5.94210351e+05 3.63000481e+05
 3.40069547e-01 6.19373871e+05 3.71162818e+05
 3.81710449e-01 6.45670748e+05 3.79252289e+05
 4.28450204e-01 6.73186094e+05 3.87174665e+05
 4.80913158e-01 7.01806048e+05 3.94837000e+05
 5.39800106e-01 7.31488652e+05 4.02252810e+05
 6.05897654e-01 7.62044857e+05 4.09471841e+05
 6.80088728e-01 7.93160548e+05 4.16532502e+05
 7.63364364e-01 8.24538775e+05 4.23516703e+05
 8.56836953e-01 8.56223846e+05 4.30597453e+05
 9.61755090e-01 8.88111768e+05 4.37942085e+05
 1.07952026e+00 9.20038065e+05 4.45692551e+05
 1.21170557e+00 9.51812705e+05 4.53923032e+05
 1.36007673e+00 9.83641318e+05 4.62613219e+05
 1.52661567e+00 1.01583962e+06 4.71666887e+05
 1.71354700e+00 1.04862209e+06 4.80874970e+05
 1.92336774e+00 1.08215975e+06 4.90018323e+05
 2.15888065e+00 1.11691365e+06 4.98988900e+05
 2.42323168e+00 1.15313657e+06 5.07684247e+05
 2.71995203e+00 1.19100982e+06 5.16000257e+05
 3.05300524e+00 1.23031536e+06 5.23993909e+05
 3.42684022e+00 1.27061023e+06 5.31809944e+05
 3.84645062e+00 1.31126082e+06 5.39595473e+05
 4.31744155e+00 1.35129781e+06 5.47439972e+05
 4.84610448e+00 1.39005111e+06 5.55314424e+05
 5.43950122e+00 1.42762265e+06 5.63138161e+05
 6.10555832e+00 1.46418055e+06 5.70810539e+05
 6.85317291e+00 1.50008161e+06 5.78118218e+05
 7.69233156e+00 1.53598569e+06 5.85009560e+05
 8.63424367e+00 1.57275703e+06 5.91543187e+05
 9.69149122e+00 1.61123303e+06 5.97810685e+05
 1.08781968e+01 1.65172597e+06 6.03960529e+05
 1.22102124e+01 1.69408025e+06 6.10211968e+05
 1.37053308e+01 1.73821322e+06 6.16755028e+05
 1.53835239e+01 1.78386315e+06 6.23791116e+05
 1.72672086e+01 1.83061960e+06 6.31308271e+05
 1.93815471e+01 1.87829361e+06 6.39221327e+05
 2.17547825e+01 1.92709849e+06 6.47420502e+05
 2.44186164e+01 1.97698180e+06 6.55765261e+05
 2.74086319e+01 2.02773270e+06 6.64086910e+05
 3.07647693e+01 2.07903764e+06 6.72411428e+05
 3.45318598e+01 2.13095340e+06 6.80659698e+05
 3.87602237e+01 2.18356025e+06 6.88622425e+05
 4.35063431e+01 2.23662792e+06 6.96020908e+05
 4.88336162e+01 2.28998335e+06 7.02527941e+05
 5.48132044e+01 2.34443930e+06 7.07725379e+05
 6.15249823e+01 2.40106935e+06 7.11537530e+05
 6.90586053e+01 2.46116613e+06 7.13741928e+05
 7.75147068e+01 2.52546736e+06 7.14124565e+05
 8.70062427e+01 2.59764217e+06 7.14554055e+05
 9.76600000e+01 2.67865464e+06 7.15036135e+05
