 7.49000000e-05 7.66478202e+02 1.56596185e+04
 9.05847126e-05 1.74169957e+03 1.80534877e+04
 1.09553941e-04 2.92114078e+03 2.09486540e+04
 1.32495490e-04 4.34756727e+03 2.44500933e+04
 1.60241200e-04 6.11950024e+03 2.85898695e+04
 1.93797104e-04 8.35992284e+03 3.33974297e+04
 2.34379906e-04 1.11994709e+04 3.89192296e+04
 2.83461100e-04 1.47829228e+04 4.51964102e+04
 3.42820324e-04 1.92525690e+04 5.22403642e+04
 4.14609887e-04 2.47330175e+04 6.00654831e+04
 5.01432810e-04 3.13532839e+04 6.86100404e+04
 6.06437209e-04 3.92520057e+04 7.78308346e+04
 7.33430445e-04 4.85507575e+04 8.76386132e+04
 8.87017170e-04 5.93352522e+04 9.79342191e+04
 1.07276629e-03 7.16018151e+04 1.08543996e+05
 1.29741290e-03 8.53448395e+04 1.19324233e+05
 1.56910247e-03 1.00531270e+05 1.30137284e+05
 1.89768620e-03 1.17081403e+05 1.40991701e+05
 2.29507822e-03 1.34830883e+05 1.51855780e+05
 2.77568759e-03 1.53574547e+05 1.62706092e+05
 3.35694076e-03 1.73117028e+05 1.73476627e+05
 4.05991340e-03 1.93532227e+05 1.84189048e+05
 4.91009464e-03 2.14817157e+05 1.94875119e+05
 5.93831124e-03 2.37005177e+05 2.05552765e+05
 7.18184535e-03 2.60105426e+05 2.16088036e+05
 8.68578634e-03 2.84198227e+05 2.26313811e+05
 1.05046657e-02 3.09422036e+05 2.36227806e+05
 1.27044342e-02 3.35870016e+05 2.45904551e+05
 1.53648534e-02 3.63549986e+05 2.55482398e+05
 1.85823876e-02 3.92639284e+05 2.65001444e+05
 2.24737014e-02 4.23133992e+05 2.74511826e+05
 2.71798903e-02 4.55150565e+05 2.84144953e+05
 3.28715962e-02 4.88864017e+05 2.94073374e+05
 3.97551948e-02 5.24247553e+05 3.04236118e+05
 4.80802790e-02 5.61217100e+05 3.14451801e+05
 5.81487083e-02 5.99294298e+05 3.24322839e+05
 7.03255545e-02 6.38027915e+05 3.33727134e+05
 8.50523383e-02 6.77449891e+05 3.42600689e+05
 1.02863039e-01 7.17503018e+05 3.50860149e+05
 1.24403456e-01 7.57971601e+05 3.58386204e+05
 1.50454623e-01 7.99033591e+05 3.65079147e+05
 1.81961132e-01 8.40968171e+05 3.71066501e+05
 2.20065378e-01 8.83910461e+05 3.76537026e+05
 2.66148986e-01 9.27785195e+05 3.81290022e+05
 3.21882902e-01 9.72259210e+05 3.85029493e+05
 3.89287987e-01 1.01683951e+06 3.87361815e+05
 4.70808283e-01 1.06127998e+06 3.88145592e+05
 5.69399639e-01 1.10523736e+06 3.87239222e+05
 6.88636885e-01 1.14836577e+06 3.84370266e+05
 8.32843448e-01 1.19081346e+06 3.79389528e+05
 1.00724812e+00 1.23256948e+06 3.72309043e+05
 1.21817466e+00 1.27326521e+06 3.63401795e+05
 1.47327104e+00 1.31276854e+06 3.53119517e+05
 1.78178683e+00 1.35066031e+06 3.41780023e+05
 2.15490852e+00 1.38614574e+06 3.29869670e+05
 2.60616514e+00 1.41846752e+06 3.17879535e+05
 3.15191883e+00 1.44758150e+06 3.06321639e+05
 3.81195809e+00 1.47373966e+06 2.95590380e+05
 4.61021533e+00 1.49731710e+06 2.85831030e+05
 5.57563459e+00 1.51895059e+06 2.77144830e+05
 6.74322105e+00 1.53936817e+06 2.69550362e+05
 8.15531029e+00 1.55955962e+06 2.62993417e+05
 9.86310332e+00 1.58055011e+06 2.57468815e+05
 1.19285231e+01 1.60184570e+06 2.52899775e+05
 1.44264597e+01 1.62268264e+06 2.49404654e+05
 1.74474861e+01 1.64298386e+06 2.47150588e+05
 2.11011417e+01 1.66261684e+06 2.46241615e+05
 2.55199046e+01 1.68140257e+06 2.46765989e+05
 3.08639950e+01 1.69953123e+06 2.48883388e+05
 3.73271845e+01 1.71726082e+06 2.52749039e+05
 4.51438221e+01 1.73516750e+06 2.58467879e+05
 5.45973318e+01 1.75413977e+06 2.66025931e+05
 6.60304888e+01 1.77435724e+06 2.75619741e+05
 7.98578485e+01 1.79555440e+06 2.87634805e+05
 9.65807777e+01 1.81719662e+06 3.02520800e+05
 1.16805634e+02 1.83834153e+06 3.20455263e+05
 1.41265751e+02 1.85905625e+06 3.41643866e+05
 1.70848031e+02 1.87988571e+06 3.66741054e+05
 2.06625097e+02 1.90150382e+06 3.96637365e+05
 2.49894192e+02 1.92491071e+06 4.32171875e+05
 3.02224214e+02 1.95171793e+06 4.73977161e+05
 3.65512597e+02 1.98392328e+06 5.22849103e+05
 4.42054119e+02 2.02322766e+06 5.80025760e+05
 5.34624103e+02 2.06971807e+06 6.46829712e+05
 6.46579049e+02 2.12313221e+06 7.24014654e+05
 7.81978335e+02 2.18343488e+06 8.12122130e+05
 9.45731412e+02 2.25085359e+06 9.12263097e+05
 1.14377581e+03 2.32495523e+06 1.02615083e+06
 1.38329243e+03 2.40523339e+06 1.15639369e+06
 1.67296592e+03 2.49294452e+06 1.30603110e+06
 2.02329955e+03 2.59025272e+06 1.47812268e+06
 2.44699611e+03 2.69902669e+06 1.67711233e+06
 2.95941841e+03 2.82160441e+06 1.90919009e+06
 3.57914642e+03 2.95941323e+06 2.18148210e+06
 4.32865086e+03 3.11686157e+06 2.50080431e+06
 5.23510806e+03 3.29976354e+06 2.87634027e+06
 6.33138530e+03 3.51395087e+06 3.31997496e+06
 7.65723255e+03 3.76595437e+06 3.84691261e+06
 9.26072376e+03 4.07072960e+06 4.48419559e+06
 1.12000000e+04 4.43932741e+06 5.25493119e+06
