 6.20800000e-04 1.43326790e+03 2.26756204e+04
 7.33222042e-04 2.70146275e+03 2.61655279e+04
 8.66002839e-04 4.19931780e+03 3.02874305e+04
 1.02282920e-03 5.96842273e+03 3.51557774e+04
 1.20805560e-03 8.12267649e+03 4.07392153e+04
 1.42682506e-03 1.07792774e+04 4.70606864e+04
 1.68521196e-03 1.40573709e+04 5.41388286e+04
 1.99039071e-03 1.81050609e+04 6.19293269e+04
 2.35083495e-03 2.30955594e+04 7.03333371e+04
 2.77655284e-03 2.91934073e+04 7.93519632e+04
 3.27936492e-03 3.65510697e+04 8.89442162e+04
 3.87323235e-03 4.52714967e+04 9.90342059e+04
 4.57464455e-03 5.54640574e+04 1.09493871e+05
 5.40307702e-03 6.72356526e+04 1.20209874e+05
 6.38153216e-03 8.06454981e+04 1.31117010e+05
 7.53717791e-03 9.56527108e+04 1.42157986e+05
 8.90210209e-03 1.12174622e+05 1.53257321e+05
 1.05142034e-02 1.30086964e+05 1.64438027e+05
 1.24182437e-02 1.49441043e+05 1.75681171e+05
 1.46670908e-02 1.70189898e+05 1.87029140e+05
 1.73231867e-02 1.92236245e+05 1.98501473e+05
 2.04602808e-02 2.15456368e+05 2.10150417e+05
 2.41654782e-02 2.39864078e+05 2.22054522e+05
 2.85416580e-02 2.65445207e+05 2.34207283e+05
 3.37103298e-02 2.92259864e+05 2.46490797e+05
 3.98150078e-02 3.20207141e+05 2.58845895e+05
 4.70251954e-02 3.49282791e+05 2.71263650e+05
 5.55410918e-02 3.79411651e+05 2.83742582e+05
 6.55991507e-02 4.10636922e+05 2.96287844e+05
 7.74786457e-02 4.42899140e+05 3.08777783e+05
 9.15094246e-02 4.76245379e+05 3.21159862e+05
 1.08081068e-01 5.10764254e+05 3.33390005e+05
 1.27653707e-01 5.46451370e+05 3.45468050e+05
 1.50770799e-01 5.83348600e+05 3.57241085e+05
 1.78074216e-01 6.21717249e+05 3.68487343e+05
 2.10322068e-01 6.61506018e+05 3.78962791e+05
 2.48409756e-01 7.02709800e+05 3.88493583e+05
 2.93394827e-01 7.45152483e+05 3.97066354e+05
 3.46526343e-01 7.88470668e+05 4.04709797e+05
 4.09279563e-01 8.32682511e+05 4.11305416e+05
 4.83396903e-01 8.77365151e+05 4.16777818e+05
 5.70936315e-01 9.21885773e+05 4.21251471e+05
 6.74328432e-01 9.66152644e+05 4.24797250e+05
 7.96444055e-01 1.00991606e+06 4.27536157e+05
 9.40673867e-01 1.05316712e+06 4.29410954e+05
 1.11102257e+00 1.09589927e+06 4.30382133e+05
 1.31222010e+00 1.13755965e+06 4.30431608e+05
 1.54985294e+00 1.17848030e+06 4.29509061e+05
 1.83051923e+00 1.21916748e+06 4.27595063e+05
 2.16201199e+00 1.25966342e+06 4.24815350e+05
 2.55353551e+00 1.29996238e+06 4.21247740e+05
 3.01596089e+00 1.33973884e+06 4.16936196e+05
 3.56212791e+00 1.37894716e+06 4.11964632e+05
 4.20720151e+00 1.41790765e+06 4.06521760e+05
 4.96909292e+00 1.45617347e+06 4.00853768e+05
 5.86895692e+00 1.49343190e+06 3.95001308e+05
 6.93177928e+00 1.52957222e+06 3.88964194e+05
 8.18707048e+00 1.56472160e+06 3.82764490e+05
 9.66968515e+00 1.59921270e+06 3.76528214e+05
 1.14207898e+01 1.63267009e+06 3.70480961e+05
 1.34890058e+01 1.66514903e+06 3.64900314e+05
 1.59317596e+01 1.69686517e+06 3.60148125e+05
 1.88168771e+01 1.72770342e+06 3.56588314e+05
 2.22244669e+01 1.75746106e+06 3.54546726e+05
 2.62491447e+01 1.78583359e+06 3.54404058e+05
 3.10026602e+01 1.81239121e+06 3.56478815e+05
 3.66170004e+01 1.83763622e+06 3.61061506e+05
 4.32480538e+01 1.86171579e+06 3.68429431e+05
 5.10799392e+01 1.88484562e+06 3.78803223e+05
 6.03301182e+01 1.90741017e+06 3.92525237e+05
 7.12554324e+01 1.92990691e+06 4.10007267e+05
 8.41592359e+01 1.95298509e+06 4.31682321e+05
 9.93998176e+01 1.97749516e+06 4.57769632e+05
 1.17400350e+02 2.00361803e+06 4.88292636e+05
 1.38660638e+02 2.03137141e+06 5.23425621e+05
 1.63770999e+02 2.06113656e+06 5.63422922e+05
 1.93428651e+02 2.09324130e+06 6.08529353e+05
 2.28457072e+02 2.12780130e+06 6.59175217e+05
 2.69828868e+02 2.16502991e+06 7.15854522e+05
 3.18692773e+02 2.20514286e+06 7.79374863e+05
 3.76405550e+02 2.24837758e+06 8.51230235e+05
 4.44569662e+02 2.29471412e+06 9.33122523e+05
 5.25077763e+02 2.34391958e+06 1.02680406e+06
 6.20165254e+02 2.39636352e+06 1.13396487e+06
 7.32472348e+02 2.45351480e+06 1.25604434e+06
 8.65117382e+02 2.51687248e+06 1.39415021e+06
 1.02178340e+03 2.58815629e+06 1.55055380e+06
 1.20682041e+03 2.66894914e+06 1.72693621e+06
 1.42536618e+03 2.76100426e+06 1.92479106e+06
 1.68348889e+03 2.86601180e+06 2.14633846e+06
 1.98835560e+03 2.98527690e+06 2.39534137e+06
 2.34843131e+03 3.11920002e+06 2.67636230e+06
 2.77371391e+03 3.26876291e+06 2.99598810e+06
 3.27601189e+03 3.43525017e+06 3.36023057e+06
 3.86927211e+03 3.62198016e+06 3.77766052e+06
 4.56996713e+03 3.83345354e+06 4.25989204e+06
 5.39755257e+03 4.07536332e+06 4.82051254e+06
 6.37500727e+03 4.35327200e+06 5.47340783e+06
 7.52947141e+03 4.68150777e+06 6.24453737e+06
 8.89300000e+03 5.06918448e+06 7.15531246e+06
