 2.34000000e-05 1.33733863e+01 2.72402098e+02
 2.82746352e-05 2.21309153e+01 3.23689079e+02
 3.41647434e-05 3.27127930e+01 3.85660048e+02
 4.12818656e-05 4.54990636e+01 4.60540670e+02
 4.98816107e-05 6.16395698e+01 5.51267939e+02
 6.02728352e-05 8.28377158e+01 6.59947453e+02
 7.28287362e-05 1.11087836e+02 7.89525379e+02
 8.80002542e-05 1.48498580e+02 9.42861615e+02
 1.06332269e-04 1.97436764e+02 1.12340354e+03
 1.28483167e-04 2.60441392e+02 1.33364786e+03
 1.55248490e-04 3.40186063e+02 1.57447808e+03
 1.87589505e-04 4.39463017e+02 1.84646508e+03
 2.26667727e-04 5.60461374e+02 2.15100442e+03
 2.73886637e-04 7.05360911e+02 2.48891403e+03
 3.30942083e-04 8.77940866e+02 2.86349428e+03
 3.99883190e-04 1.08285975e+03 3.27993650e+03
 4.83185954e-04 1.32606333e+03 3.74616882e+03
 5.83842162e-04 1.61572540e+03 4.27273471e+03
 7.05466843e-04 1.96242264e+03 4.87190921e+03
 8.52428103e-04 2.37941140e+03 5.55414013e+03
 1.03000400e-03 2.88222828e+03 6.32985681e+03
 1.24457211e-03 3.48800096e+03 7.20457258e+03
 1.50383856e-03 4.21090671e+03 8.17521884e+03
 1.81711482e-03 5.06519602e+03 9.23245259e+03
 2.19565208e-03 6.06159054e+03 1.03634407e+04
 2.65304536e-03 7.20824640e+03 1.15469767e+04
 3.20572179e-03 8.51508943e+03 1.27684806e+04
 3.87353051e-03 9.99487873e+03 1.40142333e+04
 4.68045565e-03 1.16625194e+04 1.52731696e+04
 5.65547760e-03 1.35318953e+04 1.65494847e+04
 6.83361393e-03 1.56055132e+04 1.78443892e+04
 8.25717696e-03 1.78938260e+04 1.91642580e+04
 9.97729343e-03 2.04120144e+04 2.05184915e+04
 1.20557407e-02 2.31640353e+04 2.19014282e+04
 1.45671654e-02 2.61209628e+04 2.32965384e+04
 1.76017644e-02 2.92318033e+04 2.46704137e+04
 2.12685242e-02 3.24896522e+04 2.59801856e+04
 2.56991352e-02 3.59121714e+04 2.72062619e+04
 3.10527210e-02 3.94873086e+04 2.83329041e+04
 3.75215538e-02 4.31611940e+04 2.93619761e+04
 4.53379592e-02 4.68857489e+04 3.03005111e+04
 5.47826605e-02 5.06794629e+04 3.11691765e+04
 6.61948607e-02 5.45717551e+04 3.20125959e+04
 7.99844246e-02 5.85374887e+04 3.28681932e+04
 9.66465995e-02 6.25275254e+04 3.37432952e+04
 1.16779801e-01 6.65150329e+04 3.46124040e+04
 1.41107105e-01 7.05554896e+04 3.54446547e+04
 1.70502219e-01 7.46915595e+04 3.62187349e+04
 2.06020857e-01 7.89185663e+04 3.69243782e+04
 2.48938657e-01 8.32233049e+04 3.75568056e+04
 3.00796996e-01 8.75545289e+04 3.81105844e+04
 3.63458347e-01 9.19272893e+04 3.85835922e+04
 4.39173169e-01 9.63669005e+04 3.90015494e+04
 5.30660733e-01 1.00837427e+05 3.93707088e+04
 6.41206779e-01 1.05334079e+05 3.97029424e+04
 7.74781528e-01 1.09817951e+05 4.00023001e+04
 9.36182267e-01 1.14320709e+05 4.02661571e+04
 1.13120564e+00 1.18925181e+05 4.05190375e+04
 1.36685585e+00 1.23589316e+05 4.08119997e+04
 1.65159618e+00 1.28275501e+05 4.11862194e+04
 1.99565296e+00 1.32956776e+05 4.16917322e+04
 2.41138289e+00 1.37571763e+05 4.24073144e+04
 2.91371673e+00 1.42123806e+05 4.33727144e+04
 3.52069562e+00 1.46538359e+05 4.46185503e+04
 4.25411898e+00 1.50726879e+05 4.61743118e+04
 5.14032745e+00 1.54757216e+05 4.80818399e+04
 6.21114886e+00 1.58730975e+05 5.04063829e+04
 7.50504137e+00 1.62755804e+05 5.32239949e+04
 9.06847465e+00 1.66976305e+05 5.64756046e+04
 1.09575988e+01 1.71531888e+05 6.02307655e+04
 1.32402611e+01 1.76560662e+05 6.45713019e+04
 1.59984424e+01 1.82183709e+05 6.95622385e+04
 1.93312018e+01 1.88367162e+05 7.52655076e+04
 2.33582341e+01 1.95042301e+05 8.17581795e+04
 2.82241687e+01 2.02155333e+05 8.90708934e+04
 3.41037639e+01 2.09636097e+05 9.73372625e+04
 4.12081830e+01 2.17435229e+05 1.06602544e+05
 4.97925787e+01 2.25606548e+05 1.16984012e+05
 6.01652563e+01 2.34256499e+05 1.28678054e+05
 7.26987467e+01 2.43571364e+05 1.41911846e+05
 8.78431855e+01 2.53806956e+05 1.56937377e+05
 1.06142480e+02 2.65207293e+05 1.74143567e+05
 1.28253841e+02 2.77970975e+05 1.94008398e+05
 1.54971392e+02 2.92277748e+05 2.17027558e+05
 1.87254683e+02 3.08336088e+05 2.43526286e+05
 2.26263156e+02 3.26377872e+05 2.73583572e+05
 2.73397786e+02 3.46613215e+05 3.07407113e+05
 3.30351395e+02 3.69069378e+05 3.45516984e+05
 3.99169452e+02 3.93795371e+05 3.88494642e+05
 4.82323532e+02 4.20882369e+05 4.36746356e+05
 5.82800081e+02 4.50227658e+05 4.90649567e+05
 7.04207679e+02 4.81697466e+05 5.51038885e+05
 8.50906633e+02 5.15240536e+05 6.19734204e+05
 1.02816558e+03 5.50904767e+05 6.98767911e+05
 1.24235072e+03 5.89330324e+05 7.89348649e+05
 1.50115441e+03 6.31598923e+05 8.93917619e+05
 1.81387151e+03 6.79237924e+05 1.01619989e+06
 2.19173313e+03 7.33799562e+05 1.16077238e+06
 2.64831003e+03 7.99727358e+05 1.33546188e+06
 3.20000000e+03 8.79389083e+05 1.54654231e+06
