 2.61000000e-05 6.24142986e+01 4.88302271e+02
 3.16772828e-05 8.28429715e+01 5.70742899e+02
 3.84463695e-05 1.07637027e+02 6.70800182e+02
 4.66619356e-05 1.37729300e+02 7.92238606e+02
 5.66330778e-05 1.74838829e+02 9.36497983e+02
 6.87349433e-05 2.21996932e+02 1.10570272e+03
 8.34228443e-05 2.82511673e+02 1.30275919e+03
 1.01249388e-04 3.59960219e+02 1.53050708e+03
 1.22885268e-04 4.58364707e+02 1.79175015e+03
 1.49144498e-04 5.81386002e+02 2.09078719e+03
 1.81015036e-04 7.32765865e+02 2.43199602e+03
 2.19695957e-04 9.18612478e+02 2.82072327e+03
 2.66642565e-04 1.14259721e+03 3.26204430e+03
 3.23621147e-04 1.40890835e+03 3.76136571e+03
 3.92775425e-04 1.72257379e+03 4.32336472e+03
 4.76707212e-04 2.08842791e+03 4.95234212e+03
 5.78574297e-04 2.51621368e+03 5.64966789e+03
 7.02209257e-04 3.01587513e+03 6.41785941e+03
 8.52263648e-04 3.59813533e+03 7.25891666e+03
 1.03438301e-03 4.28081492e+03 8.17438090e+03
 1.25541928e-03 5.07831330e+03 9.16480730e+03
 1.52368856e-03 6.00989536e+03 1.02308135e+04
 1.84928404e-03 7.09673480e+03 1.13639723e+04
 2.24445569e-03 8.35107698e+03 1.25656705e+04
 2.72407117e-03 9.79004343e+03 1.38222454e+04
 3.30617521e-03 1.14243445e+04 1.51086737e+04
 4.01266847e-03 1.32533291e+04 1.64013722e+04
 4.87013156e-03 1.52908717e+04 1.76706310e+04
 5.91082509e-03 1.75426967e+04 1.88951685e+04
 7.17390336e-03 2.00170842e+04 2.00755594e+04
 8.70688757e-03 2.27153061e+04 2.12105391e+04
 1.05674536e-02 2.56284287e+04 2.23254251e+04
 1.28256022e-02 2.87534277e+04 2.34539472e+04
 1.55662922e-02 3.20926608e+04 2.46148974e+04
 1.88926376e-02 3.56525873e+04 2.58272742e+04
 2.29297863e-02 3.94217282e+04 2.70876241e+04
 2.78296294e-02 4.33832468e+04 2.83733445e+04
 3.37765149e-02 4.75460234e+04 2.96395252e+04
 4.09941845e-02 5.19061870e+04 3.08358910e+04
 4.97541906e-02 5.64295496e+04 3.19296455e+04
 6.03861136e-02 6.10856870e+04 3.29210137e+04
 7.32899615e-02 6.57704416e+04 3.38186632e+04
 8.89512198e-02 7.04494155e+04 3.46415143e+04
 1.07959117e-01 7.50731192e+04 3.54181814e+04
 1.31028792e-01 7.96327927e+04 3.61908816e+04
 1.59028203e-01 8.41632134e+04 3.69780626e+04
 1.93010780e-01 8.87410491e+04 3.77728222e+04
 2.34255060e-01 9.34175113e+04 3.85423993e+04
 2.84312788e-01 9.82601767e+04 3.92622443e+04
 3.45067302e-01 1.03264465e+05 3.99023089e+04
 4.18804387e-01 1.08429249e+05 4.04229209e+04
 5.08298276e-01 1.13650282e+05 4.07823213e+04
 6.16916024e-01 1.18833688e+05 4.09827980e+04
 7.48744190e-01 1.23879162e+05 4.10487267e+04
 9.08742584e-01 1.28694790e+05 4.10190269e+04
 1.10293087e+00 1.33304171e+05 4.09456242e+04
 1.33861507e+00 1.37719885e+05 4.09015263e+04
 1.62466237e+00 1.41965898e+05 4.09573134e+04
 1.97183485e+00 1.46093707e+05 4.12054698e+04
 2.39319425e+00 1.50114825e+05 4.17263054e+04
 2.90459353e+00 1.54062427e+05 4.25880269e+04
 3.52527320e+00 1.58059531e+05 4.38374901e+04
 4.27858530e+00 1.62163211e+05 4.55062170e+04
 5.19287189e+00 1.66444988e+05 4.76382764e+04
 6.30253147e+00 1.70993432e+05 5.03034816e+04
 7.64931309e+00 1.75889132e+05 5.35279508e+04
 9.28388712e+00 1.81183720e+05 5.73060520e+04
 1.12677516e+01 1.86936040e+05 6.16410698e+04
 1.36755462e+01 1.93158755e+05 6.65812858e+04
 1.65978599e+01 1.99860123e+05 7.21934175e+04
 2.01446399e+01 2.07069218e+05 7.85333060e+04
 2.44493278e+01 2.14812338e+05 8.56423187e+04
 2.96738801e+01 2.23118148e+05 9.36148602e+04
 3.60148617e+01 2.31926132e+05 1.02581113e+05
 4.37108413e+01 2.41116632e+05 1.12678489e+05
 5.30513671e+01 2.50616721e+05 1.24076731e+05
 6.43878605e+01 2.60424760e+05 1.37008181e+05
 7.81468378e+01 2.70552223e+05 1.51642970e+05
 9.48459570e+01 2.81111930e+05 1.68227376e+05
 1.15113494e+02 2.92262297e+05 1.87059657e+05
 1.39711981e+02 3.04349488e+05 2.08599313e+05
 1.69566894e+02 3.17824267e+05 2.33444763e+05
 2.05801474e+02 3.32907295e+05 2.62001277e+05
 2.49778984e+02 3.49748398e+05 2.94639932e+05
 3.03154004e+02 3.68569117e+05 3.32217216e+05
 3.67934679e+02 3.89490674e+05 3.75717228e+05
 4.46558271e+02 4.12701519e+05 4.26189166e+05
 5.41982859e+02 4.38403615e+05 4.84547962e+05
 6.57798632e+02 4.66833249e+05 5.51769456e+05
 7.98362961e+02 4.98378428e+05 6.29341715e+05
 9.68964341e+02 5.33428893e+05 7.18992758e+05
 1.17602136e+03 5.72308882e+05 8.22474660e+05
 1.42732418e+03 6.15345749e+05 9.42100006e+05
 1.73232765e+03 6.62784177e+05 1.08103782e+06
 2.10250701e+03 7.15066254e+05 1.24346567e+06
 2.55178962e+03 7.73341055e+05 1.43506150e+06
 3.09707898e+03 8.39219734e+05 1.66293620e+06
 3.75889068e+03 9.13910569e+05 1.93533675e+06
 4.56212425e+03 1.00456201e+06 2.26594630e+06
 5.53700000e+03 1.11458467e+06 2.66720347e+06
