 1.89500000e-04 8.43143605e+01 4.91581168e+02
 2.16893910e-04 1.04035213e+02 5.40157965e+02
 2.48247853e-04 1.26606889e+02 5.95756969e+02
 2.84134287e-04 1.52441502e+02 6.59393304e+02
 3.25208424e-04 1.81285984e+02 7.31956198e+02
 3.72220192e-04 2.13429563e+02 8.14271349e+02
 4.26027930e-04 2.49055898e+02 9.06862541e+02
 4.87614055e-04 2.88294549e+02 1.01015812e+03
 5.58103002e-04 3.31004207e+02 1.12459818e+03
 6.38781752e-04 3.76697830e+02 1.24913506e+03
 7.31123333e-04 4.27454660e+02 1.38133803e+03
 8.36813711e-04 4.82734212e+02 1.52299896e+03
 9.57782572e-04 5.45884463e+02 1.67384161e+03
 1.09623856e-03 6.18605379e+02 1.83321028e+03
 1.25470959e-03 7.04490285e+02 2.00189190e+03
 1.43608901e-03 8.03247799e+02 2.18258297e+03
 1.64368845e-03 9.18070544e+02 2.38038167e+03
 1.88129822e-03 1.04728265e+03 2.60314954e+03
 2.15325661e-03 1.20195015e+03 2.84608887e+03
 2.46452899e-03 1.37778202e+03 3.11081622e+03
 2.82079857e-03 1.57054123e+03 3.40244323e+03
 3.22857008e-03 1.78054608e+03 3.72401967e+03
 3.69528858e-03 2.01763659e+03 4.07432893e+03
 4.22947540e-03 2.28412492e+03 4.45463095e+03
 4.84088367e-03 2.58248424e+03 4.85948264e+03
 5.54067644e-03 2.89827976e+03 5.29266294e+03
 6.34163047e-03 3.24430878e+03 5.76180165e+03
 7.25836953e-03 3.63014982e+03 6.26816409e+03
 8.30763138e-03 4.05126585e+03 6.80652035e+03
 9.50857335e-03 4.50841143e+03 7.37015883e+03
 1.08831222e-02 5.00737141e+03 7.95061842e+03
 1.24563742e-02 5.55684450e+03 8.55624726e+03
 1.42570539e-02 6.17145547e+03 9.19263587e+03
 1.63180377e-02 6.84031490e+03 9.84370348e+03
 1.86769552e-02 7.59183658e+03 1.04976284e+04
 2.13768751e-02 8.43639308e+03 1.11675702e+04
 2.44670924e-02 9.36528551e+03 1.18696318e+04
 2.80040281e-02 1.03850562e+04 1.26137725e+04
 3.20522593e-02 1.15038408e+04 1.33952214e+04
 3.66856984e-02 1.27260030e+04 1.42093753e+04
 4.19889422e-02 1.40523742e+04 1.50522205e+04
 4.80588171e-02 1.54429180e+04 1.59409391e+04
 5.50061463e-02 1.68979623e+04 1.68622158e+04
 6.29577738e-02 1.84205113e+04 1.77972760e+04
 7.20588797e-02 1.99901741e+04 1.87427161e+04
 8.24756314e-02 2.15923510e+04 1.96868860e+04
 9.43982171e-02 2.32289426e+04 2.06118603e+04
 1.08044319e-01 2.49135880e+04 2.15411349e+04
 1.23663085e-01 2.66724086e+04 2.24755363e+04
 1.41539684e-01 2.85210483e+04 2.33807570e+04
 1.62000503e-01 3.04638250e+04 2.42726441e+04
 1.85419116e-01 3.25091246e+04 2.51537737e+04
 2.12223098e-01 3.46765080e+04 2.60137363e+04
 2.42901833e-01 3.69323911e+04 2.69113083e+04
 2.78015453e-01 3.93214346e+04 2.78315876e+04
 3.18205058e-01 4.17933912e+04 2.87100401e+04
 3.64204428e-01 4.43112736e+04 2.96116027e+04
 4.16853416e-01 4.69082169e+04 3.04972553e+04
 4.77113283e-01 4.95969758e+04 3.13534202e+04
 5.46084250e-01 5.23259714e+04 3.22332216e+04
 6.25025583e-01 5.51471495e+04 3.30476267e+04
 7.15378587e-01 5.80028459e+04 3.37812621e+04
 8.18792922e-01 6.09441269e+04 3.45452944e+04
 9.37156718e-01 6.40099910e+04 3.52608614e+04
 1.07263105e+00 6.71190007e+04 3.60111828e+04
 1.22768941e+00 7.02789593e+04 3.67585556e+04
 1.40516283e+00 7.35262048e+04 3.74617115e+04
 1.60829160e+00 7.68818743e+04 3.81458101e+04
 1.84078445e+00 8.02230285e+04 3.88722621e+04
 2.10688621e+00 8.35957164e+04 3.95119669e+04
 2.41145534e+00 8.69094332e+04 4.01852700e+04
 2.76005265e+00 9.02986038e+04 4.08381937e+04
 3.15904280e+00 9.36696559e+04 4.15013214e+04
 3.61571052e+00 9.70387286e+04 4.21434035e+04
 4.13839362e+00 1.00312799e+05 4.27962872e+04
 4.73663521e+00 1.03753750e+05 4.34271560e+04
 5.42135793e+00 1.07181375e+05 4.40657661e+04
 6.20506342e+00 1.10828181e+05 4.46596899e+04
 7.10206050e+00 1.14412475e+05 4.51865348e+04
 8.12872648e+00 1.18036950e+05 4.56493781e+04
 9.30380616e+00 1.21642505e+05 4.61348743e+04
 1.06487541e+01 1.25178414e+05 4.66703480e+04
 1.21881261e+01 1.28460671e+05 4.71677261e+04
 1.39500281e+01 1.31658957e+05 4.77714374e+04
 1.59666287e+01 1.34549141e+05 4.84435930e+04
 1.82747468e+01 1.37452806e+05 4.92017211e+04
 2.09165239e+01 1.40406231e+05 5.00789404e+04
 2.39401934e+01 1.43424001e+05 5.10360865e+04
 2.74009612e+01 1.46650240e+05 5.21017556e+04
 3.13620137e+01 1.50213535e+05 5.33780461e+04
 3.58956716e+01 1.54118368e+05 5.47786520e+04
 4.10847101e+01 1.58348554e+05 5.63759888e+04
 4.70238701e+01 1.62790120e+05 5.82165012e+04
 5.38215886e+01 1.67364939e+05 6.03587589e+04
 6.16019777e+01 1.72213296e+05 6.27785887e+04
 7.05070913e+01 1.77371895e+05 6.54704471e+04
 8.06995181e+01 1.82840718e+05 6.84904343e+04
 9.23653509e+01 1.88605467e+05 7.18944031e+04
 1.05717583e+02 1.95203560e+05 7.57904459e+04
 1.21000000e+02 2.02755467e+05 8.02496963e+04
