	G' L210	G'' L210
1.80E-04	5.24E-01	7.78E+01
2.85E-04	1.59E+00	1.29E+02
4.52E-04	4.06E+00	2.04E+02
7.17E-04	8.86E+00	3.36E+02
1.14E-03	1.87E+01	5.32E+02
1.80E-03	4.08E+01	8.38E+02
2.85E-03	8.85E+01	1.29E+03
4.52E-03	1.80E+02	2.00E+03
7.17E-03	3.47E+02	3.10E+03
1.14E-02	6.47E+02	4.71E+03
1.80E-02	1.19E+03	7.14E+03
2.85E-02	2.17E+03	1.08E+04
4.52E-02	3.92E+03	1.61E+04
7.17E-02	7.23E+03	2.38E+04
1.00E-01	1.14E+04	3.09E+04
1.14E-01	1.34E+04	3.41E+04
1.58E-01	2.14E+04	4.38E+04
1.80E-01	2.41E+04	4.60E+04
2.51E-01	3.75E+04	5.71E+04
2.85E-01	3.99E+04	5.72E+04
3.98E-01	5.94E+04	6.78E+04
4.52E-01	5.95E+04	6.54E+04
6.31E-01	8.41E+04	7.43E+04
7.17E-01	8.14E+04	7.00E+04
9.98E-01	1.05E+05	7.89E+04
1.00E+00	1.09E+05	7.74E+04
1.14E+00	1.08E+05	7.20E+04
1.58E+00	1.32E+05	7.99E+04
1.58E+00	1.34E+05	7.85E+04
2.51E+00	1.58E+05	7.93E+04
2.51E+00	1.58E+05	7.84E+04
3.97E+00	1.82E+05	7.78E+04
3.98E+00	1.82E+05	7.73E+04
6.30E+00	2.05E+05	7.60E+04
6.31E+00	2.05E+05	7.55E+04
9.98E+00	2.28E+05	7.32E+04
1.00E+01	2.28E+05	7.31E+04
1.58E+01	2.49E+05	7.02E+04
1.59E+01	2.49E+05	7.02E+04
1.84E+01	2.45E+05	7.14E+04
2.51E+01	2.69E+05	6.68E+04
2.51E+01	2.69E+05	6.69E+04
2.91E+01	2.71E+05	6.65E+04
3.97E+01	2.88E+05	6.32E+04
3.98E+01	2.88E+05	6.36E+04
4.62E+01	2.92E+05	6.22E+04
6.30E+01	3.06E+05	5.97E+04
6.31E+01	3.05E+05	6.04E+04
7.32E+01	3.10E+05	5.86E+04
9.98E+01	3.23E+05	5.64E+04
1.00E+02	3.21E+05	5.72E+04
1.16E+02	3.26E+05	5.57E+04
1.58E+02	3.38E+05	5.34E+04
1.84E+02	3.42E+05	5.24E+04
2.51E+02	3.53E+05	5.11E+04
2.91E+02	3.56E+05	5.05E+04
3.97E+02	3.66E+05	4.97E+04
4.62E+02	3.70E+05	4.93E+04
6.30E+02	3.79E+05	4.92E+04
7.32E+02	3.83E+05	4.92E+04
9.98E+02	3.91E+05	5.05E+04
1.16E+03	3.95E+05	5.07E+04
1.22E+03	3.80E+05	4.88E+04
1.84E+03	4.08E+05	5.42E+04
1.93E+03	3.97E+05	5.43E+04
2.92E+03	4.21E+05	6.06E+04
3.06E+03	4.12E+05	6.35E+04
4.62E+03	4.35E+05	7.08E+04
4.85E+03	4.28E+05	7.76E+04
7.32E+03	4.51E+05	8.61E+04
7.69E+03	4.46E+05	9.81E+04
1.16E+04	4.70E+05	1.08E+05
1.22E+04	4.68E+05	1.26E+05
1.84E+04	4.94E+05	1.39E+05
1.93E+04	4.96E+05	1.63E+05
3.06E+04	5.33E+05	2.15E+05
3.44E+04	5.54E+05	2.28E+05
4.85E+04	5.83E+05	2.84E+05
5.45E+04	5.97E+05	3.02E+05
7.69E+04	6.47E+05	3.74E+05
8.64E+04	6.67E+05	4.00E+05
1.22E+05	7.30E+05	4.96E+05
1.37E+05	7.45E+05	5.37E+05
1.93E+05	8.38E+05	6.58E+05
2.17E+05	8.56E+05	7.29E+05
3.06E+05	9.73E+05	8.76E+05
3.44E+05	9.98E+05	9.85E+05
4.85E+05	1.15E+06	1.17E+06
5.45E+05	1.18E+06	1.35E+06
7.69E+05	1.36E+06	1.58E+06
8.64E+05	1.41E+06	1.85E+06
1.22E+06	1.63E+06	2.11E+06
1.37E+06	1.71E+06	2.58E+06
2.17E+06	2.10E+06	3.61E+06
3.44E+06	2.64E+06	5.06E+06

