2.32E-05	1.52E+01
3.69E-05	3.73E+01
6.03E-05	7.28E+01
9.59E-05	1.46E+02
0.0001483	2.91E+02
0.0002295	5.98E+02
0.0003756	1.03E+03
0.0006147	1.72E+03
0.0009791	2.73E+03
0.001559	4.34E+03
0.002351	6.73E+03
0.003849	1.07E+04
0.00597	1.46E+04
9.78E-03	2.09E+04
1.52E-02	3.01E+04
2.23E-02	3.42E+04
3.55E-02	4.55E+04
6.15E-02	5.61E+04
9.55E-02	6.55E+04
1.53E-01	7.47E+04
2.50E-01	8.74E+04
4.46E-01	9.97E+04
6.73E-01	1.11E+05
1.20E+00	1.23E+05
1.97E+00	1.37E+05
3.41E+00	1.52E+05
5.30E+00	1.57E+05
7.37E+00	1.65E+05
11.77	1.74E+05
18.8	1.89E+05
30.83	2.15E+05
46.59	2.27E+05
76.46	2.46E+05
118.7	2.81E+05
205.8	3.20E+05
319.4	3.74E+05
495.8	4.38E+05
835.7	5.39E+05
1262	6.14E+05
2014	7.00E+05
3213	8.85E+05

