2.57E-05	60.48
4.09E-05	121.04
6.51E-05	192.44
0.0001036	339
0.0001605	567
0.0001604	644.4
0.0002553	1134.8
0.0004065	1851
0.0006475	2868
0.001032	4444
0.001216	5058
0.001644	6.38E+03
0.001885	7.44E+03
0.002619	9.64E+03
0.003003	1.15E+04
0.005056	1.66E+04
0.00763	2.20E+04
0.01184	2.92E+04
0.01645	3.51E+04
0.01887	3.79E+04
0.02484	4.43E+04
0.03011	4.66E+04
0.03962	5.31E+04
0.04803	5.74E+04
0.05982	6.53E+04
0.09543	7.84E+04
0.1524	8.49E+04
0.2431	9.68E+04
0.4099	1.13E+05
0.7106	1.29E+05
1.536	1.44E+05
2.451	1.56E+05
3.506	1.60E+05
5.754	1.69E+05
9.705	1.88E+05
14.67	1.99E+05
24.07	2.15E+05
38.41	2.45E+05
59.65	2.65E+05
97.88	2.88E+05
136.2	3.03E+05
2.00E+02	3.37E+05
3.47E+02	3.94E+05
5.10E+02	4.38E+05
8.59E+02	5.26E+05
1.41E+03	6.31E+05
2.25E+03	7.57E+05
3.39E+03	9.08E+05
5.57E+03	1.09E+06

