2.34E-05		273.4
3.74E-05		413
5.95E-05		673.8
9.74E-05		1.02E+03
0.0001509		1.62E+03
0.000234		2.38E+03
0.0003834		3.33E+03
0.0006111		4.54E+03
0.0009743		6.20E+03
0.001511		8.67E+03
0.00228		1.15E+04
0.003737		1.49E+04
0.005962		1.79E+04
0.01604		2.58E+04
0.02422		2.86E+04
0.042		3.10E+04
0.07285		3.20E+04
0.1041		3.55E+04
0.1531		3.75E+04
0.2513		3.76E+04
0.4359		3.97E+04
0.756		4.09E+04
1.143		3.99E+04
2.038		4.11E+04
3.079		4.45E+04
4.40E+00		4.58E+04
6.13E+00		4.83E+04
7.42E+00		5.50E+04
1.22E+01		6.43E+04
1.94E+01		7.52E+04
3.01E+01		9.50E+04
4.55E+01		1.17E+05
7.88E+01		1.52E+05
1.26E+02		1.91E+05
1.95E+02		2.61E+05
3.11E+02		3.47E+05
5.53E+02		4.98E+05
8.35E+02		6.13E+05
1.19E+03		8.14E+05
2.01E+03		1.08E+06
3.20E+03		1.55E+06

