2.61E-05		456.6
4.04E-05		725.6
6.62E-05		1096.2
9.99E-05		1572.8
1.55E-04		2256
2.61E-04		3324
4.04E-04		4650
6.62E-04		6506
0.001027		8644
0.001179		9342
0.001638		11490
0.00188		11798
0.002686		14512
0.004403		18806
0.00647		20880
0.01185		23220
0.01891		26480
0.03102		30980
0.04085		3.27E+04
0.07485		3.45E+04
0.1071		3.55E+04
0.1757		3.85E+04
0.2583		3.96E+04
0.4124		4.18E+04
0.677		4.19E+04
1.143		3.99E+04
1.983		4.01E+04
3.344		4.34E+04
5.053		4.59E+04
7.424		5.36E+04
9.771		6.10E+04
15.59		7.14E+04
24.19		8.78E+04
39.67		1.11E+05
63.27		1.40E+05
98.16		1.77E+05
136.5		2.07E+05
206		2.75E+05
319.6		3.47E+05
538.1		4.98E+05
857.9		6.79E+05
1330		9.26E+05
2063		1.26E+06
3475		1.81E+06
5537		2.67E+06

