 2.47200000e-01 3.47432776e+02 1.48916250e+04
 2.68493936e-01 3.88898906e+02 1.62715304e+04
 2.91622142e-01 4.33936951e+02 1.77703016e+04
 3.16742624e-01 4.82854595e+02 1.93981777e+04
 3.44026998e-01 5.35763609e+02 2.11454876e+04
 3.73661661e-01 5.92823994e+02 2.29954454e+04
 4.05849070e-01 6.56607088e+02 2.49576657e+04
 4.40809118e-01 7.30801326e+02 2.70501949e+04
 4.78780644e-01 8.19869435e+02 2.92957643e+04
 5.20023056e-01 9.28969720e+02 3.17141617e+04
 5.64818110e-01 1.06132292e+03 3.43188177e+04
 6.13471834e-01 1.21615778e+03 3.71167017e+04
 6.66316615e-01 1.40017737e+03 4.01699028e+04
 7.23713473e-01 1.61519703e+03 4.35035175e+04
 7.86054526e-01 1.86148259e+03 4.71256745e+04
 8.53765669e-01 2.13906329e+03 5.10525088e+04
 9.27309485e-01 2.43745689e+03 5.52880383e+04
 1.00718840e+00 2.74793617e+03 5.98784323e+04
 1.09394813e+00 3.08234046e+03 6.49038469e+04
 1.18818139e+00 3.43368668e+03 7.03744422e+04
 1.29053195e+00 3.79711829e+03 7.63166624e+04
 1.40169904e+00 4.16849171e+03 8.27528544e+04
 1.52244212e+00 4.54584113e+03 8.96348038e+04
 1.65358607e+00 4.95807537e+03 9.70147919e+04
 1.79602683e+00 5.44272925e+03 1.04944159e+05
 1.95073751e+00 6.00672971e+03 1.13439239e+05
 2.11877504e+00 6.67148368e+03 1.22555165e+05
 2.30128742e+00 7.44001113e+03 1.32310904e+05
 2.49952151e+00 8.31189695e+03 1.42762341e+05
 2.71483158e+00 9.30508978e+03 1.54225777e+05
 2.94868858e+00 1.04121303e+04 1.66830968e+05
 3.20269014e+00 1.16187004e+04 1.80668507e+05
 3.47857152e+00 1.29274027e+04 1.95850015e+05
 3.77821747e+00 1.43186619e+04 2.12406884e+05
 4.10367508e+00 1.58440568e+04 2.30569646e+05
 4.45716777e+00 1.75766170e+04 2.50615082e+05
 4.84111051e+00 1.95330121e+04 2.72569369e+05
 5.25812627e+00 2.17357129e+04 2.96515724e+05
 5.71106398e+00 2.42010059e+04 3.22465912e+05
 6.20301798e+00 2.69516270e+04 3.50471270e+05
 6.73734916e+00 3.00819328e+04 3.80958467e+05
 7.31770790e+00 3.36130450e+04 4.14133413e+05
 7.94805904e+00 3.75396514e+04 4.50075396e+05
 8.63270895e+00 4.19013522e+04 4.88819158e+05
 9.37633496e+00 4.69185075e+04 5.30449368e+05
 1.01840173e+01 5.28673314e+04 5.75265439e+05
 1.10612738e+01 5.99128821e+04 6.23866154e+05
 1.20140977e+01 6.81679116e+04 6.76414443e+05
 1.30489982e+01 7.77851855e+04 7.32961017e+05
 1.41730457e+01 8.89771131e+04 7.93567093e+05
 1.53939192e+01 1.02277509e+05 8.58064689e+05
 1.67199593e+01 1.17716793e+05 9.27486377e+05
 1.81602253e+01 1.35307651e+05 1.00286258e+06
 1.97245565e+01 1.55427217e+05 1.08455751e+06
 2.14236400e+01 1.78521513e+05 1.17269543e+06
 2.32690834e+01 2.05035710e+05 1.26686116e+06
 2.52734942e+01 2.35494749e+05 1.36809383e+06
 2.74505661e+01 2.69895759e+05 1.47954530e+06
 2.98151721e+01 3.08844585e+05 1.60157320e+06
 3.23834664e+01 3.53010362e+05 1.73378397e+06
 3.51729949e+01 4.02893335e+05 1.87624239e+06
 3.82028149e+01 4.60482512e+05 2.02357390e+06
 4.14936251e+01 5.26830738e+05 2.17804731e+06
 4.50679074e+01 6.02656329e+05 2.34151359e+06
 4.89500802e+01 6.88693910e+05 2.51320474e+06
 5.31666655e+01 7.85470135e+05 2.69450378e+06
 5.77464695e+01 8.93525794e+05 2.88091652e+06
 6.27207802e+01 1.01347776e+06 3.07045318e+06
 6.81235807e+01 1.14231605e+06 3.27890794e+06
 7.39917811e+01 1.28010193e+06 3.50816135e+06
 8.03654714e+01 1.42760331e+06 3.75575209e+06
 8.72881946e+01 1.58605069e+06 4.01861540e+06
 9.48072448e+01 1.75665930e+06 4.28844982e+06
 1.02973990e+02 1.94060670e+06 4.57428867e+06
 1.11844223e+02 2.13897168e+06 4.87907905e+06
 1.21478542e+02 2.35500072e+06 5.18745319e+06
 1.31942766e+02 2.58982605e+06 5.49002320e+06
 1.43308384e+02 2.84429399e+06 5.78125550e+06
 1.55653042e+02 3.11926637e+06 6.05836903e+06
 1.69061076e+02 3.41530615e+06 6.32713077e+06
 1.83624085e+02 3.73286366e+06 6.58187477e+06
 1.99441558e+02 4.07245338e+06 6.81995059e+06
 2.16621557e+02 4.43481273e+06 7.04480272e+06
 2.35281450e+02 4.81812167e+06 7.25839155e+06
 2.55548716e+02 5.21919135e+06 7.45956912e+06
 2.77561814e+02 5.63410754e+06 7.64512018e+06
 3.01471132e+02 6.05998137e+06 7.81190004e+06
 3.27440011e+02 6.49425579e+06 7.95656203e+06
 3.55645863e+02 6.93399074e+06 8.07553228e+06
 3.86281382e+02 7.37583697e+06 8.16643771e+06
 4.19555859e+02 7.82269467e+06 8.23253868e+06
 4.55696618e+02 8.28033245e+06 8.28021739e+06
 4.94950560e+02 8.75557535e+06 8.31659380e+06
 5.37585857e+02 9.25497016e+06 8.34435780e+06
 5.83893781e+02 9.78538033e+06 8.36672975e+06
 6.34190693e+02 1.03546200e+07 8.38748631e+06
 6.88820207e+02 1.09715118e+07 8.41003085e+06
 7.48155536e+02 1.16415430e+07 8.43451738e+06
 8.12602040e+02 1.23692910e+07 8.46111320e+06
 8.82600000e+02 1.31597277e+07 8.49000000e+06
