 3.93800000e+01 4.00000000e+02 4.95439339e+04
 4.06488920e+01 4.37585662e+02 5.09972393e+04
 4.19586698e+01 4.76382400e+02 5.24973727e+04
 4.33106510e+01 5.16429236e+02 5.40458431e+04
 4.47061953e+01 5.57766450e+02 5.56420423e+04
 4.61467066e+01 6.00435621e+02 5.72899865e+04
 4.76336336e+01 6.44480988e+02 5.89909755e+04
 4.91684719e+01 6.89948709e+02 6.07463233e+04
 5.07527654e+01 7.36886488e+02 6.25580924e+04
 5.23881076e+01 7.85367632e+02 6.44129055e+04
 5.40761434e+01 8.35577093e+02 6.62920325e+04
 5.58185706e+01 8.87710585e+02 6.81890014e+04
 5.76171418e+01 9.41974828e+02 7.01181481e+04
 5.94736662e+01 9.98584848e+02 7.21150713e+04
 6.13900109e+01 1.05776601e+03 7.42066056e+04
 6.33681036e+01 1.11975521e+03 7.64252429e+04
 6.54099339e+01 1.18474763e+03 7.88408250e+04
 6.75175555e+01 1.25270557e+03 8.15318270e+04
 6.96930884e+01 1.32358502e+03 8.45420905e+04
 7.19387207e+01 1.39733557e+03 8.78691111e+04
 7.42567111e+01 1.47410881e+03 9.14870829e+04
 7.66493912e+01 1.55450159e+03 9.53505366e+04
 7.91191677e+01 1.63914846e+03 9.93822579e+04
 8.16685246e+01 1.72875229e+03 1.03482842e+05
 8.43000262e+01 1.82434178e+03 1.07550286e+05
 8.70163194e+01 1.92727280e+03 1.11545004e+05
 8.98201363e+01 2.03898084e+03 1.15453193e+05
 9.27142970e+01 2.16052157e+03 1.19260569e+05
 9.57017126e+01 2.29203025e+03 1.23019161e+05
 9.87853879e+01 2.43363594e+03 1.26834953e+05
 1.01968425e+02 2.58546166e+03 1.30820881e+05
 1.05254024e+02 2.74728979e+03 1.35088306e+05
 1.08645492e+02 2.91828012e+03 1.39658070e+05
 1.12146238e+02 3.09752742e+03 1.44551716e+05
 1.15759784e+02 3.28431729e+03 1.49791502e+05
 1.19489766e+02 3.48049502e+03 1.55363189e+05
 1.23339933e+02 3.68906570e+03 1.61223134e+05
 1.27314160e+02 3.91322728e+03 1.67309712e+05
 1.31416443e+02 4.15656110e+03 1.73559343e+05
 1.35650909e+02 4.42319248e+03 1.79958520e+05
 1.40021817e+02 4.71748275e+03 1.86492696e+05
 1.44533563e+02 5.04403449e+03 1.93146262e+05
 1.49190685e+02 5.40308421e+03 1.99902521e+05
 1.53997868e+02 5.79250942e+03 2.06743675e+05
 1.58959947e+02 6.21000223e+03 2.13684085e+05
 1.64081912e+02 6.65306619e+03 2.20745012e+05
 1.69368916e+02 7.11901304e+03 2.27949062e+05
 1.74826276e+02 7.60495927e+03 2.35320212e+05
 1.80459483e+02 8.10782250e+03 2.42883839e+05
 1.86274200e+02 8.62866757e+03 2.50666750e+05
 1.92276278e+02 9.17087865e+03 2.58697212e+05
 1.98471754e+02 9.73804615e+03 2.66983557e+05
 2.04866858e+02 1.03339713e+04 2.75527613e+05
 2.11468024e+02 1.09626707e+04 2.84331042e+05
 2.18281891e+02 1.16283812e+04 2.93395341e+05
 2.25315312e+02 1.23355653e+04 3.02721840e+05
 2.32575363e+02 1.30849498e+04 3.12311700e+05
 2.40069345e+02 1.38751026e+04 3.22165915e+05
 2.47804796e+02 1.47044422e+04 3.32291715e+05
 2.55789496e+02 1.55712355e+04 3.42704235e+05
 2.64031478e+02 1.64735951e+04 3.53419338e+05
 2.72539030e+02 1.74094775e+04 3.64453628e+05
 2.81320711e+02 1.83766793e+04 3.75824474e+05
 2.90385353e+02 1.93750461e+04 3.87550025e+05
 2.99742073e+02 2.04161776e+04 3.99649232e+05
 3.09400283e+02 2.15274697e+04 4.12138297e+05
 3.19369697e+02 2.27381158e+04 4.25029781e+05
 3.29660343e+02 2.40791439e+04 4.38339429e+05
 3.40282571e+02 2.55834562e+04 4.52083871e+05
 3.51247067e+02 2.72858694e+04 4.66280378e+05
 3.62564857e+02 2.92231574e+04 4.80946885e+05
 3.74247326e+02 3.14104720e+04 4.96102008e+05
 3.86306224e+02 3.38299846e+04 5.11765061e+05
 3.98753681e+02 3.64623210e+04 5.27956082e+05
 4.11602217e+02 3.92865359e+04 5.44689653e+05
 4.24864755e+02 4.22800848e+04 5.61980115e+05
 4.38554635e+02 4.54187957e+04 5.79842154e+05
 4.52685627e+02 4.86768383e+04 5.98290819e+05
 4.67271943e+02 5.20398608e+04 6.17341536e+05
 4.82328256e+02 5.55112456e+04 6.37010121e+05
 4.97869710e+02 5.90944845e+04 6.57312796e+05
 5.13911936e+02 6.27931816e+04 6.78269658e+05
 5.30471071e+02 6.66110572e+04 6.99901787e+05
 5.47563770e+02 7.05519513e+04 7.22230941e+05
 5.65207225e+02 7.46198278e+04 7.45279579e+05
 5.83419183e+02 7.88187784e+04 7.69070884e+05
 6.02217962e+02 8.31530265e+04 7.93628786e+05
 6.21622470e+02 8.76269316e+04 8.18977986e+05
 6.41652225e+02 9.22449936e+04 8.45143982e+05
 6.62327373e+02 9.70118576e+04 8.72153091e+05
 6.83668711e+02 1.01932318e+05 9.00032481e+05
 7.05697703e+02 1.07011325e+05 9.28810193e+05
 7.28436508e+02 1.12253986e+05 9.58515173e+05
 7.51907997e+02 1.17665574e+05 9.89177299e+05
 7.76135778e+02 1.23251533e+05 1.02082741e+06
 8.01144220e+02 1.29017482e+05 1.05349735e+06
 8.26958477e+02 1.34969219e+05 1.08721996e+06
 8.53604515e+02 1.41112732e+05 1.12202918e+06
 8.81109134e+02 1.47454200e+05 1.15796001e+06
 9.09500000e+02 1.54000000e+05 1.19504860e+06
