 8.43300000e+00 3.46600000e+02 3.75897900e+04
 8.83618989e+00 3.69618077e+02 3.94468233e+04
 9.25865668e+00 3.93736671e+02 4.13926432e+04
 9.70132202e+00 4.19008398e+02 4.34314945e+04
 1.01651516e+01 4.45488390e+02 4.55715394e+04
 1.06511573e+01 4.73048780e+02 4.78156356e+04
 1.11603995e+01 5.01506214e+02 5.01660249e+04
 1.16939890e+01 5.30656263e+02 5.26245209e+04
 1.22530899e+01 5.60897296e+02 5.51886402e+04
 1.28389220e+01 5.92856596e+02 5.78542785e+04
 1.34527633e+01 6.27224796e+02 6.06167102e+04
 1.40959529e+01 6.64757860e+02 6.34709789e+04
 1.47698941e+01 7.06714324e+02 6.64177602e+04
 1.54760570e+01 7.54554192e+02 6.94588629e+04
 1.62159823e+01 8.09889260e+02 7.25970380e+04
 1.69912841e+01 8.73341028e+02 7.58343143e+04
 1.78036538e+01 9.45127634e+02 7.91675094e+04
 1.86548637e+01 1.02546130e+03 8.25928533e+04
 1.95467708e+01 1.11533903e+03 8.61249335e+04
 2.04813208e+01 1.21586441e+03 8.97838116e+04
 2.14605526e+01 1.32817626e+03 9.35907358e+04
 2.24866024e+01 1.45343192e+03 9.75683202e+04
 2.35617086e+01 1.59292461e+03 1.01759104e+05
 2.46882167e+01 1.74828661e+03 1.06221436e+05
 2.58685843e+01 1.92125796e+03 1.11018628e+05
 2.71053863e+01 2.11210904e+03 1.16163193e+05
 2.84013211e+01 2.32053140e+03 1.21640334e+05
 2.97592157e+01 2.54613872e+03 1.27432573e+05
 3.11820326e+01 2.79131765e+03 1.33536091e+05
 3.26728758e+01 3.05940903e+03 1.39937158e+05
 3.42349976e+01 3.35404323e+03 1.46613210e+05
 3.58718059e+01 3.67915018e+03 1.53539312e+05
 3.75868717e+01 4.03942071e+03 1.60741044e+05
 3.93839364e+01 4.44001603e+03 1.68280662e+05
 4.12669205e+01 4.88543129e+03 1.76225764e+05
 4.32399319e+01 5.36882717e+03 1.84623669e+05
 4.53072749e+01 5.88189105e+03 1.93518428e+05
 4.74734596e+01 6.41578324e+03 2.02948737e+05
 4.97432116e+01 6.97162133e+03 2.12943853e+05
 5.21214827e+01 7.55108448e+03 2.23518374e+05
 5.46134612e+01 8.15623739e+03 2.34672274e+05
 5.72245837e+01 8.79182273e+03 2.46404221e+05
 5.99605464e+01 9.47869516e+03 2.58704421e+05
 6.28273182e+01 1.02399880e+04 2.71556431e+05
 6.58311530e+01 1.10998922e+04 2.84952778e+05
 6.89786042e+01 1.20559643e+04 2.98898346e+05
 7.22765380e+01 1.31022250e+04 3.13397331e+05
 7.57321492e+01 1.42317264e+04 3.28486856e+05
 7.93529766e+01 1.54510117e+04 3.44232977e+05
 8.31469192e+01 1.67709602e+04 3.60724768e+05
 8.71222539e+01 1.82035402e+04 3.78065050e+05
 9.12876531e+01 1.97624003e+04 3.96371498e+05
 9.56522042e+01 2.14846698e+04 4.15785676e+05
 1.00225429e+02 2.34173981e+04 4.36460097e+05
 1.05017303e+02 2.56130113e+04 4.58437150e+05
 1.10038282e+02 2.81149061e+04 4.81671428e+05
 1.15299319e+02 3.09447346e+04 5.06109065e+05
 1.20811891e+02 3.41252909e+04 5.31687537e+05
 1.26588024e+02 3.76805682e+04 5.58324754e+05
 1.32640320e+02 4.16315197e+04 5.85910578e+05
 1.38981983e+02 4.59961087e+04 6.14323137e+05
 1.45626846e+02 5.07895399e+04 6.43574652e+05
 1.52589406e+02 5.59928660e+04 6.73776021e+05
 1.59884853e+02 6.15988420e+04 7.05047622e+05
 1.67529103e+02 6.75983591e+04 7.37323016e+05
 1.75538831e+02 7.39813611e+04 7.70461146e+05
 1.83931513e+02 8.07364243e+04 8.04329491e+05
 1.92725456e+02 8.78644716e+04 8.38965584e+05
 2.01939847e+02 9.54515873e+04 8.74352023e+05
 2.11594786e+02 1.03625393e+05 9.10433960e+05
 2.21711338e+02 1.12524983e+05 9.47152439e+05
 2.32311572e+02 1.22301307e+05 9.84905082e+05
 2.43418613e+02 1.33115336e+05 1.02427870e+06
 2.55056692e+02 1.45139414e+05 1.06584535e+06
 2.67251199e+02 1.58564836e+05 1.10956789e+06
 2.80028738e+02 1.73466021e+05 1.15539591e+06
 2.93417183e+02 1.89920651e+05 1.20326547e+06
 3.07445742e+02 2.08009861e+05 1.25309879e+06
 3.22145021e+02 2.27818439e+05 1.30453390e+06
 3.37547086e+02 2.49436341e+05 1.35708375e+06
 3.53685539e+02 2.72958351e+05 1.41027019e+06
 3.70595587e+02 2.98410919e+05 1.46435274e+06
 3.88314120e+02 3.25799648e+05 1.51958660e+06
 4.06879794e+02 3.55093595e+05 1.57630801e+06
 4.26333111e+02 3.86257289e+05 1.63487518e+06
 4.46716510e+02 4.19251428e+05 1.69566729e+06
 4.68074458e+02 4.54033590e+05 1.75908353e+06
 4.90453551e+02 4.90564245e+05 1.82553205e+06
 5.13902610e+02 5.28840765e+05 1.89515779e+06
 5.38472791e+02 5.68924529e+05 1.96814909e+06
 5.64217696e+02 6.10915718e+05 2.04463833e+06
 5.91193491e+02 6.54915451e+05 2.12477324e+06
 6.19459024e+02 7.01025069e+05 2.20871932e+06
 6.49075959e+02 7.49345396e+05 2.29666233e+06
 6.80108909e+02 7.99969783e+05 2.38880998e+06
 7.12625574e+02 8.53007785e+05 2.48536329e+06
 7.46696892e+02 9.08574136e+05 2.58653292e+06
 7.82397193e+02 9.66793075e+05 2.69253956e+06
 8.19804360e+02 1.02779552e+06 2.80361448e+06
 8.59000000e+02 1.09171455e+06 2.92000000e+06
