 1.23562868e-01 7.42926102e+00 5.63851625e+02
 1.52677823e-01 1.77008374e+01 6.91583866e+02
 1.88653097e-01 3.03926917e+01 8.49413485e+02
 2.33105177e-01 4.75364864e+01 1.04368884e+03
 2.88031443e-01 7.22055426e+01 1.28188230e+03
 3.55899911e-01 1.08292974e+02 1.57290650e+03
 4.39760137e-01 1.61586809e+02 1.92690058e+03
 5.43380238e-01 2.40106959e+02 2.35496124e+03
 6.71416206e-01 3.54452940e+02 2.86885950e+03
 8.29621120e-01 5.18640082e+02 3.48037087e+03
 1.02510365e+00 7.50590943e+02 4.19993890e+03
 1.26664747e+00 1.07223771e+03 5.03610961e+03
 1.56510594e+00 1.50937824e+03 5.99437565e+03
 1.93388978e+00 2.08980373e+03 7.07556379e+03
 2.38956968e+00 2.84152270e+03 8.27573933e+03
 2.95262083e+00 3.78973563e+03 9.58582223e+03
 3.64834297e+00 4.95382835e+03 1.09926207e+04
 4.50799721e+00 6.34426109e+03 1.24825874e+04
 5.57021064e+00 7.95981317e+03 1.40430595e+04
 6.88271202e+00 9.78611692e+03 1.56664821e+04
 8.50447636e+00 1.17991894e+04 1.73563287e+04
 1.05083749e+01 1.39687873e+04 1.91302192e+04
 1.29844494e+01 1.62655347e+04 2.10237049e+04
 1.60439581e+01 1.86649685e+04 2.30909306e+04
 1.98243747e+01 2.11532388e+04 2.54032953e+04
 2.44955660e+01 2.37340312e+04 2.80498588e+04
 3.02674238e+01 2.64324003e+04 3.11348274e+04
 3.73992969e+01 2.92923410e+04 3.47732103e+04
 4.62116439e+01 3.23778417e+04 3.90899688e+04
 5.71004325e+01 3.57712795e+04 4.42199206e+04
 7.05549320e+01 3.95792760e+04 5.03077970e+04
 8.71796975e+01 4.39376614e+04 5.75077381e+04
 1.07721735e+02 4.90169168e+04 6.59819332e+04
 1.33104065e+02 5.50311943e+04 7.58948024e+04
 1.64467200e+02 6.22534245e+04 8.73987988e+04
 2.03220389e+02 7.10262949e+04 1.00619511e+05
 2.51104940e+02 8.17663462e+04 1.15625019e+05
 3.10272466e+02 9.49555394e+04 1.32391212e+05
 3.83381557e+02 1.11119500e+05 1.50765242e+05
 4.73717247e+02 1.30789107e+05 1.70434749e+05
 5.85338617e+02 1.54433584e+05 1.90898507e+05
 7.23261182e+02 1.82398066e+05 2.11503223e+05
 8.93682260e+02 2.14804255e+05 2.31451921e+05
 1.10425943e+03 2.51502329e+05 2.49880800e+05
 1.36445462e+03 2.92047069e+05 2.65966201e+05
 1.68595926e+03 3.35702445e+05 2.79015551e+05
 2.08321962e+03 3.81505109e+05 2.88555170e+05
 2.57408591e+03 4.28409260e+05 2.94447864e+05
 3.18061437e+03 4.75352012e+05 2.96831646e+05
 3.93005833e+03 5.21470571e+05 2.96138032e+05
 4.85609279e+03 5.66125467e+05 2.92994201e+05
 6.00032752e+03 6.08938532e+05 2.88098263e+05
 7.41417677e+03 6.49807429e+05 2.82144385e+05
 9.16116945e+03 6.88814852e+05 2.75750302e+05
 1.13198037e+04 7.26125917e+05 2.69347106e+05
 1.39870741e+04 7.61999466e+05 2.63234290e+05
 1.72828299e+04 7.96590463e+05 2.57586440e+05
 2.13551603e+04 8.30033718e+05 2.52512817e+05
 2.63870485e+04 8.62413369e+05 2.48111246e+05
 3.26045939e+04 8.93783484e+05 2.44486308e+05
 4.02871713e+04 9.24228230e+05 2.41759461e+05
 4.97799843e+04 9.53836411e+05 2.40081510e+05
 6.15095763e+04 9.82691422e+05 2.39644949e+05
 7.60029966e+04 1.01094417e+06 2.40650213e+05
 9.39114823e+04 1.03875135e+06 2.43317617e+05
 1.16039721e+05 1.06631640e+06 2.47890800e+05
 1.43382007e+05 1.09384633e+06 2.54646984e+05
 1.77166920e+05 1.12158508e+06 2.63912861e+05
 2.18912527e+05 1.14983149e+06 2.76070819e+05
 2.70494597e+05 1.17892900e+06 2.91560798e+05
 3.34230882e+05 1.20924376e+06 3.10902245e+05
 4.12985263e+05 1.24120046e+06 3.34667492e+05
 5.10296436e+05 1.27528163e+06 3.63492690e+05
 6.30536911e+05 1.31202296e+06 3.98062180e+05
 7.79109491e+05 1.35199964e+06 4.39121117e+05
 9.62690031e+05 1.39584474e+06 4.87503798e+05
 1.18952741e+06 1.44427004e+06 5.44153315e+05
 1.46981419e+06 1.49809645e+06 6.10175380e+05
 1.81614456e+06 1.55822563e+06 6.86883778e+05
 2.24408031e+06 1.62564995e+06 7.75825058e+05
 2.77284998e+06 1.70152557e+06 8.78898779e+05
 3.42621297e+06 1.78713953e+06 9.98371530e+05
 4.23352700e+06 1.88374936e+06 1.13683336e+06
 5.23106738e+06 1.99258942e+06 1.29730286e+06
 6.46365688e+06 2.11485593e+06 1.48327886e+06
 7.98667981e+06 2.25177233e+06 1.69882943e+06
 9.86857063e+06 2.40443697e+06 1.94859886e+06
 1.21938889e+07 2.57372403e+06 2.23779377e+06
 1.50671188e+07 2.76046074e+06 2.57240093e+06
 1.86173642e+07 2.96559801e+06 2.95936663e+06
 2.30041491e+07 3.19007054e+06 3.40658361e+06
 2.84245864e+07 3.43476558e+06 3.92301234e+06
 3.51222341e+07 3.70066548e+06 4.51910553e+06
 4.33980398e+07 3.98978592e+06 5.20849251e+06
 5.36238626e+07 4.30932388e+06 6.01407430e+06
 6.62591825e+07 4.66961712e+06 6.96608843e+06
 8.18717462e+07 5.07814348e+06 8.09521448e+06
 1.01163078e+08 5.58293037e+06 9.49039502e+06
 1.25000000e+08 6.20665953e+06 1.12143201e+07
