 2.52332852e-02 2.83539000e+01 4.56934718e+03
 3.18359340e-02 7.85469671e+01 5.73306100e+03
 4.01662601e-02 1.41873766e+02 7.20127714e+03
 5.06763348e-02 2.29424671e+02 9.04893460e+03
 6.39365204e-02 3.59615904e+02 1.13678117e+04
 8.06664226e-02 5.57084922e+02 1.42721615e+04
 1.01773942e-01 8.60051152e+02 1.79010479e+04
 1.28404546e-01 1.32608394e+03 2.24222799e+04
 1.62003426e-01 2.04155877e+03 2.80359210e+04
 2.04393932e-01 3.13434301e+03 3.49715773e+04
 2.57876519e-01 4.79318661e+03 4.34857451e+04
 3.25353587e-01 7.28768024e+03 5.38478482e+04
 4.10486992e-01 1.09901792e+04 6.63177631e+04
 5.17896767e-01 1.64004442e+04 8.11058880e+04
 6.53411841e-01 2.41596927e+04 9.83351324e+04
 8.24386366e-01 3.50477035e+04 1.17984824e+05
 1.04009881e+00 4.99480440e+04 1.39836591e+05
 1.31225550e+00 6.97735120e+04 1.63423660e+05
 1.65562586e+00 9.53494246e+04 1.88007404e+05
 2.08884398e+00 1.27293542e+05 2.12603710e+05
 2.63541979e+00 1.65860620e+05 2.36067312e+05
 3.32501495e+00 2.10829907e+05 2.57160202e+05
 4.19505252e+00 2.61417412e+05 2.74700253e+05
 5.29274783e+00 3.16341559e+05 2.87739735e+05
 6.67767077e+00 3.73916452e+05 2.95680870e+05
 8.42497855e+00 4.32311763e+05 2.98398014e+05
 1.06294943e+01 4.89729000e+05 2.96203645e+05
 1.34108531e+01 5.44651679e+05 2.89766159e+05
 1.69199940e+01 5.95988310e+05 2.80038455e+05
 2.13473517e+01 6.43200475e+05 2.68092640e+05
 2.69331906e+01 6.86193115e+05 2.54925477e+05
 3.39806440e+01 7.25259302e+05 2.41388767e+05
 4.28721640e+01 7.60846868e+05 2.28069905e+05
 5.40902771e+01 7.93503169e+05 2.15349168e+05
 6.82437693e+01 8.23738798e+05 2.03424791e+05
 8.61007247e+01 8.51997028e+05 1.92364239e+05
 1.08630207e+02 8.78602039e+05 1.82154126e+05
 1.37054850e+02 9.03799336e+05 1.72746995e+05
 1.72917205e+02 9.27804974e+05 1.64079974e+05
 2.18163458e+02 9.50811611e+05 1.56081118e+05
 2.75249037e+02 9.72969547e+05 1.48668116e+05
 3.47271872e+02 9.94384300e+05 1.41758589e+05
 4.38140509e+02 1.01509558e+06 1.35275693e+05
 5.52786221e+02 1.03509971e+06 1.29160531e+05
 6.97430618e+02 1.05439379e+06 1.23372669e+05
 8.79923284e+02 1.07293069e+06 1.17887457e+05
 1.11016776e+03 1.09064303e+06 1.12693376e+05
 1.40065898e+03 1.10744157e+06 1.07789059e+05
 1.76716138e+03 1.12329772e+06 1.03182965e+05
 2.22956435e+03 1.13825633e+06 9.88880825e+04
 2.81296165e+03 1.15242581e+06 9.49219603e+04
 3.54901318e+03 1.16590845e+06 9.13017537e+04
 4.47766308e+03 1.17880194e+06 8.80438881e+04
 5.64930747e+03 1.19120709e+06 8.51697052e+04
 7.12752932e+03 1.20324011e+06 8.27120524e+04
 8.99254900e+03 1.21496292e+06 8.07187025e+04
 1.13455777e+04 1.22638179e+06 7.92496734e+04
 1.43143098e+04 1.23747556e+06 7.83682334e+04
 1.80598531e+04 1.24824546e+06 7.81477772e+04
 2.27854712e+04 1.25872757e+06 7.86801627e+04
 2.87476146e+04 1.26898087e+06 8.00826059e+04
 3.62698379e+04 1.27908461e+06 8.24976636e+04
 4.57603582e+04 1.28913042e+06 8.60857698e+04
 5.77342084e+04 1.29924078e+06 9.10361609e+04
 7.28411872e+04 1.30955441e+06 9.75833169e+04
 9.19011225e+04 1.32022927e+06 1.06013241e+05
 1.15948362e+05 1.33145344e+06 1.16664587e+05
 1.46287904e+05 1.34345922e+06 1.29940806e+05
 1.84566220e+05 1.35652303e+06 1.46308314e+05
 2.32860603e+05 1.37104393e+06 1.66332462e+05
 2.93791900e+05 1.38751508e+06 1.90668165e+05
 3.70666739e+05 1.40654454e+06 2.20061954e+05
 4.67656977e+05 1.42885941e+06 2.55358135e+05
 5.90026094e+05 1.45527381e+06 2.97507797e+05
 7.44414834e+05 1.48669125e+06 3.47584227e+05
 9.39201590e+05 1.52407061e+06 4.06812995e+05
 1.18495708e+06 1.56837677e+06 4.76593535e+05
 1.49501799e+06 1.62068273e+06 5.58568648e+05
 1.88621077e+06 1.68212544e+06 6.54668179e+05
 2.37976471e+06 1.75393622e+06 7.67210659e+05
 3.00246408e+06 1.83749298e+06 8.98932659e+05
 3.78810162e+06 1.93439603e+06 1.05314800e+06
 4.77931242e+06 2.04652345e+06 1.23383315e+06
 6.02988767e+06 2.17588511e+06 1.44564947e+06
 7.60769375e+06 2.32447853e+06 1.69409688e+06
 9.59835530e+06 2.49436977e+06 1.98568444e+06
 1.21099018e+07 2.68766458e+06 2.32805011e+06
 1.52786303e+07 2.90656753e+06 2.73035797e+06
 1.92765018e+07 3.15288276e+06 3.20303160e+06
 2.43204734e+07 3.42827766e+06 3.75826021e+06
 3.06842720e+07 3.73465254e+06 4.41054739e+06
 3.87132493e+07 4.07404783e+06 5.17693701e+06
 4.88431230e+07 4.44863837e+06 6.07744587e+06
 6.16236225e+07 4.86168083e+06 7.13756222e+06
 7.77483220e+07 5.32427569e+06 8.39893296e+06
 9.80922791e+07 5.85385365e+06 9.91842218e+06
 1.23759523e+08 6.46333661e+06 1.17554971e+07
 1.56142966e+08 7.23229948e+06 1.40732688e+07
 1.97000000e+08 8.20247244e+06 1.69975186e+07
