0.0001001	1043
0.0001334	1515
0.0001654	2026
0.0002199	2708
0.0002724	3473
0.0003606	4094
0.0004165	5039
0.0005172	7027
0.0006392	8289
0.0007908	10190
0.0009785	12540
0.00113	15440
0.001398	18980
0.001617	24370
0.001865	28760
0.002011	35430
0.002322	43620
0.002503	5.37E+04
0.003101	6.89E+04
0.003343	8.49E+04
0.004146	1.14E+05
0.004789	1.40E+05
0.005538	1.79E+05
0.00686	2.30E+05
0.006886	2.61E+05
0.007933	2.95E+05
0.00853	3.35E+05
0.00984	3.95E+05
0.01135	4.66E+05
0.0122	5.28E+05
1.31E-02	5.74E+05
1.41E-02	6.23E+05
1.51E-02	7.06E+05
1.74E-02	8.00E+05
2.01E-02	9.05E+05
2.66E-02	1.07E+06
3.52E-02	1.26E+06
5.00E-02	1.48E+06
7.59E-02	1.74E+06
1.08E-01	1.97E+06
1.75E-01	2.22E+06
2.31E-01	2.41E+06
3.05E-01	2.50E+06
4.62E-01	2.71E+06
7.50E-01	2.93E+06
1.06	3.04E+06
1.498	3.16E+06
2.267	3.28E+06
3.2	3.27E+06
4.845	3.39E+06
7.335	3.52E+06
10.37	3.66E+06
14.65	3.80E+06
19.3	3.79E+06
23.73	3.78E+06
35.93	3.93E+06
50.71	3.91E+06
71.57	3.90E+06
88.01	3.89E+06
124.4	4.04E+06
152.9	4.03E+06
216.1	4.19E+06
326.8	4.17E+06
494.8	4.33E+06
748.1	4.31E+06
1212	4.28E+06
1599	4.45E+06
2106	4.44E+06
2420	4.62E+06
3188	4.61E+06
4201	4.60E+06
6360	4.77E+06
8987	4.96E+06
11840	4.94E+06
16730	5.13E+06
23640	5.33E+06
31230	5.78E+06
38450	6.01E+06
50770	6.52E+06
67060	7.07E+06
1.17E+05	7.64E+06
1.77E+05	8.62E+06
2.18E+05	8.97E+06

