1.16E-04		1.58E+04
1.44E-04		1.87E+04
1.66E-04		2.20E+04
2.05E-04		2.83E+04
2.72E-04		3.47E+04
3.37E-04		4.45E+04
4.17E-04		5.25E+04
5.16E-04		6.46E+04
5.95E-04		7.63E+04
7.88E-04		9.38E+04
1.05E-03		1.25E+05
1.29E-03		1.48E+05
1.49E-03		1.67E+05
1.84E-03		1.97E+05
2.13E-03		2.43E+05
2.45E-03		2.75E+05
3.03E-03		3.24E+05
3.75E-03		3.83E+05
4.63E-03		4.51E+05
5.73E-03		5.79E+05
7.08E-03		6.55E+05
0.01002		7.40E+05
0.01237		8.37E+05
0.01527		9.47E+05
0.02014		9.84E+05
0.02657		1.02E+06
0.035		1.02E+06
0.04611		1.02E+06
0.0606		9.33E+05
0.09152		8.90E+05
0.1288		8.16E+05
0.1944		7.47E+05
0.2939		7.43E+05
0.36		6.54E+05
0.5437		6.25E+05
0.7665		5.97E+05
1.079		5.47E+05
1.628		5.01E+05
2.139		4.59E+05
3.235		4.57E+05
4.879		4.18E+05
6.412		3.84E+05
9.038		3.67E+05
14.61		3.35E+05
20.59		3.20E+05
31.06		2.93E+05
43.78		2.80E+05
57.6		2.68E+05
81.2		2.56E+05
114.5		2.45E+05
150.8		2.44E+05
212.8		2.43E+05
322.6		2.63E+05
456.5		2.85E+05
645.9		3.09E+05
981.5		3.63E+05
1211		4.11E+05
1394		4.46E+05
1977		5.25E+05
2618		6.19E+05
3016		7.01E+05
4283		8.61E+05
5663		9.73E+05
6999		1.15E+06
10660		1.47E+06
12280		1.66E+06
16260		1.96E+06
24680		2.21E+06
28470		2.61E+06
35140		2.95E+06
43420		3.48E+06
57560		4.28E+06
81750		5.26E+06
1.01E+05		6.20E+06
1.54E+05		8.28E+06
1.90E+05		9.77E+06
2.35E+05		1.15E+07

