 6.12000000e-03 2.38033967e+03 9.37064410e+03
 6.81004538e-03 2.81643849e+03 1.00346522e+04
 7.57789512e-03 3.30170854e+03 1.07735288e+04
 8.43232184e-03 3.84169402e+03 1.15957157e+04
 9.38308733e-03 4.44032144e+03 1.24955629e+04
 1.04410540e-02 5.10191123e+03 1.34663711e+04
 1.16183091e-02 5.83095110e+03 1.44985668e+04
 1.29283027e-02 6.63215416e+03 1.55796030e+04
 1.43860013e-02 7.51050226e+03 1.66934284e+04
 1.60080591e-02 8.47129348e+03 1.78217586e+04
 1.78130080e-02 9.52084585e+03 1.89449169e+04
 1.98214694e-02 1.06709754e+04 2.00744205e+04
 2.20563899e-02 1.19296877e+04 2.12162922e+04
 2.45433033e-02 1.33014205e+04 2.23757454e+04
 2.73106225e-02 1.47899502e+04 2.35590006e+04
 3.03899638e-02 1.63983808e+04 2.47733167e+04
 3.38165086e-02 1.81253261e+04 2.60221902e+04
 3.76294050e-02 1.99601656e+04 2.72978780e+04
 4.18722150e-02 2.18848884e+04 2.85649942e+04
 4.65934124e-02 2.38925716e+04 2.98079529e+04
 5.18469368e-02 2.59851998e+04 3.10161801e+04
 5.76928093e-02 2.81552330e+04 3.21803352e+04
 6.41978185e-02 3.03929000e+04 3.32907825e+04
 7.14362840e-02 3.26968416e+04 3.43512936e+04
 7.94909046e-02 3.50854543e+04 3.53933323e+04
 8.84537039e-02 3.75716383e+04 3.64465849e+04
 9.84270813e-02 4.01527566e+04 3.75225757e+04
 1.09524982e-01 4.28185199e+04 3.86295764e+04
 1.21874199e-01 4.55846370e+04 3.97715212e+04
 1.35615822e-01 4.84634894e+04 4.09503935e+04
 1.50906846e-01 5.14519089e+04 4.21530308e+04
 1.67921973e-01 5.45303433e+04 4.33447344e+04
 1.86855597e-01 5.77019802e+04 4.45123959e+04
 2.07924035e-01 6.09834136e+04 4.56542959e+04
 2.31367993e-01 6.43748543e+04 4.67648288e+04
 2.57455316e-01 6.78543497e+04 4.78421766e+04
 2.86484050e-01 7.14138125e+04 4.88903672e+04
 3.18785847e-01 7.50708568e+04 4.99284272e+04
 3.54729752e-01 7.88209316e+04 5.09706723e+04
 3.94726423e-01 8.26344015e+04 5.20113533e+04
 4.39232820e-01 8.64755544e+04 5.30364761e+04
 4.88757424e-01 9.03543250e+04 5.40448038e+04
 5.43866053e-01 9.42750302e+04 5.50348015e+04
 6.05188317e-01 9.82191174e+04 5.59979632e+04
 6.73424821e-01 1.02144909e+05 5.69148974e+04
 7.49355163e-01 1.06078904e+05 5.77897902e+04
 8.33846841e-01 1.10059482e+05 5.86353603e+04
 9.27865168e-01 1.14094642e+05 5.94658244e+04
 1.03248430e+00 1.18155012e+05 6.02880475e+04
 1.14889950e+00 1.22232748e+05 6.11133607e+04
 1.27844081e+00 1.26350028e+05 6.19655601e+04
 1.42258822e+00 1.30520485e+05 6.28719853e+04
 1.58298862e+00 1.34702139e+05 6.38449943e+04
 1.76147456e+00 1.38852600e+05 6.48945862e+04
 1.96008525e+00 1.43009817e+05 6.60332042e+04
 2.18108979e+00 1.47217548e+05 6.72728655e+04
 2.42701314e+00 1.51497084e+05 6.86134591e+04
 2.70066498e+00 1.55852206e+05 7.00458118e+04
 3.00517174e+00 1.60328675e+05 7.15616468e+04
 3.34401241e+00 1.64985550e+05 7.31527164e+04
 3.72105821e+00 1.69841261e+05 7.48119567e+04
 4.14061688e+00 1.74850660e+05 7.65302763e+04
 4.60748184e+00 1.79973973e+05 7.83036285e+04
 5.12698700e+00 1.85200667e+05 8.01610133e+04
 5.70506767e+00 1.90495429e+05 8.21219318e+04
 6.34832840e+00 1.95784102e+05 8.41968992e+04
 7.06411838e+00 2.00992417e+05 8.63946729e+04
 7.86061548e+00 2.06154677e+05 8.87140140e+04
 8.74691964e+00 2.11304712e+05 9.11507347e+04
 9.73315682e+00 2.16466099e+05 9.36931604e+04
 1.08305947e+01 2.21641502e+05 9.63022156e+04
 1.20517715e+01 2.26902331e+05 9.89780869e+04
 1.34106390e+01 2.32336758e+05 1.01746244e+05
 1.49227223e+01 2.38021507e+05 1.04584943e+05
 1.66052967e+01 2.43959924e+05 1.07471949e+05
 1.84775857e+01 2.50194595e+05 1.10378438e+05
 2.05609799e+01 2.56799362e+05 1.13267872e+05
 2.28792821e+01 2.63839411e+05 1.16129698e+05
 2.54589787e+01 2.71335721e+05 1.18941309e+05
 2.83295425e+01 2.79318097e+05 1.21668255e+05
 3.15237696e+01 2.87856883e+05 1.24429669e+05
 3.50781539e+01 2.96998817e+05 1.27357839e+05
 3.90333039e+01 3.06736138e+05 1.30577569e+05
 4.34344071e+01 3.17034396e+05 1.34235226e+05
 4.83317456e+01 3.27909324e+05 1.38402699e+05
 5.37812714e+01 3.39373722e+05 1.43087270e+05
 5.98452450e+01 3.51408308e+05 1.48259929e+05
 6.65929468e+01 3.63956842e+05 1.53762901e+05
 7.41014690e+01 3.77046452e+05 1.59456656e+05
 8.24565958e+01 3.90776925e+05 1.65279342e+05
 9.17537843e+01 4.05190888e+05 1.71135124e+05
 1.02099254e+02 4.20285623e+05 1.76969365e+05
 1.13611202e+02 4.36090197e+05 1.82784223e+05
 1.26421150e+02 4.52696658e+05 1.88643790e+05
 1.40675453e+02 4.70182609e+05 1.94622688e+05
 1.56536964e+02 4.88716451e+05 2.00829075e+05
 1.74186900e+02 5.08461184e+05 2.07318799e+05
 1.93826911e+02 5.29656321e+05 2.14161766e+05
 2.15681382e+02 5.53241262e+05 2.21776295e+05
 2.40000000e+02 5.79485465e+05 2.30249382e+05
