 1.55500000e-02 2.54757864e+02 3.78929536e+03
 1.71437330e-02 3.36051647e+02 4.15510829e+03
 1.89008091e-02 4.25677301e+02 4.55841370e+03
 2.08379695e-02 5.24488765e+02 5.00305424e+03
 2.29736711e-02 6.37022443e+02 5.48886181e+03
 2.53282626e-02 7.67903743e+02 6.01604416e+03
 2.79241782e-02 9.21315321e+02 6.58606105e+03
 3.07861516e-02 1.10108247e+03 7.20150033e+03
 3.39414510e-02 1.31026045e+03 7.86670456e+03
 3.74201398e-02 1.55377745e+03 8.58419859e+03
 4.12553625e-02 1.83729825e+03 9.35622896e+03
 4.54836604e-02 2.16581451e+03 1.01861941e+04
 5.01453203e-02 2.54389021e+03 1.10793097e+04
 5.52847578e-02 2.97645249e+03 1.20404061e+04
 6.09509407e-02 3.46966318e+03 1.30648433e+04
 6.71978556e-02 4.03024685e+03 1.41461230e+04
 7.40850222e-02 4.66135228e+03 1.52819695e+04
 8.16780605e-02 5.36588180e+03 1.64699502e+04
 9.00493159e-02 6.14630724e+03 1.77046077e+04
 9.92785486e-02 7.00386749e+03 1.89744376e+04
 1.09453693e-01 7.93979483e+03 2.02672534e+04
 1.20671698e-01 8.95635358e+03 2.15912389e+04
 1.33039445e-01 1.00556247e+04 2.29566609e+04
 1.46674773e-01 1.12415208e+04 2.43620873e+04
 1.61707598e-01 1.25174749e+04 2.58012986e+04
 1.78281150e-01 1.38904163e+04 2.72701992e+04
 1.96553340e-01 1.53724338e+04 2.87735572e+04
 2.16698263e-01 1.69747085e+04 3.03156987e+04
 2.38907856e-01 1.87002445e+04 3.18765823e+04
 2.63393730e-01 2.05511235e+04 3.34320476e+04
 2.90389183e-01 2.25309640e+04 3.49801075e+04
 3.20151423e-01 2.46445729e+04 3.65292856e+04
 3.52964020e-01 2.68897214e+04 3.80861231e+04
 3.89139609e-01 2.92508826e+04 3.96399586e+04
 4.29022866e-01 3.17141876e+04 4.11779395e+04
 4.72993793e-01 3.42853916e+04 4.27106116e+04
 5.21471338e-01 3.69712428e+04 4.42512152e+04
 5.74917388e-01 3.97719131e+04 4.57959047e+04
 6.33841171e-01 4.26717943e+04 4.73306282e+04
 6.98804104e-01 4.56631817e+04 4.88442608e+04
 7.70425144e-01 4.87599304e+04 5.03577641e+04
 8.49386687e-01 5.19741811e+04 5.18972845e+04
 9.36441067e-01 5.52902423e+04 5.34665279e+04
 1.03241773e+00 5.86788867e+04 5.50578296e+04
 1.13823112e+00 6.21206136e+04 5.66650533e+04
 1.25488941e+00 6.56308438e+04 5.82885742e+04
 1.38350412e+00 6.92202050e+04 5.99249297e+04
 1.52530066e+00 7.28677781e+04 6.15450737e+04
 1.68163005e+00 7.65471763e+04 6.31148035e+04
 1.85398177e+00 8.02652591e+04 6.46223723e+04
 2.04399798e+00 8.40579197e+04 6.60885548e+04
 2.25348911e+00 8.79500838e+04 6.75376355e+04
 2.48445117e+00 9.19243456e+04 6.89814213e+04
 2.73908473e+00 9.59590045e+04 7.04335649e+04
 3.01981590e+00 1.00076515e+05 7.19143276e+04
 3.32931946e+00 1.04307357e+05 7.34478787e+04
 3.67054430e+00 1.08659688e+05 7.50431162e+04
 4.04674158e+00 1.13123879e+05 7.66880219e+04
 4.46149564e+00 1.17709315e+05 7.83683223e+04
 4.91875821e+00 1.22483521e+05 8.01028687e+04
 5.42288601e+00 1.27527745e+05 8.19165375e+04
 5.97868231e+00 1.32855112e+05 8.38195767e+04
 6.59144266e+00 1.38465387e+05 8.58167459e+04
 7.26700535e+00 1.44358107e+05 8.79112102e+04
 8.01180704e+00 1.50531053e+05 9.01031735e+04
 8.83294411e+00 1.56957851e+05 9.23914877e+04
 9.73824023e+00 1.63520115e+05 9.47560398e+04
 1.07363209e+01 1.70073951e+05 9.71736928e+04
 1.18366958e+01 1.76583598e+05 9.96641370e+04
 1.30498490e+01 1.83037095e+05 1.02268860e+05
 1.43873394e+01 1.89415925e+05 1.05035636e+05
 1.58619103e+01 1.95683797e+05 1.08000388e+05
 1.74876113e+01 2.01817455e+05 1.11203255e+05
 1.92799318e+01 2.07919077e+05 1.14669345e+05
 2.12559488e+01 2.14114691e+05 1.18420300e+05
 2.34344894e+01 2.20445469e+05 1.22443528e+05
 2.58363106e+01 2.26931875e+05 1.26706123e+05
 2.84842966e+01 2.33614666e+05 1.31176384e+05
 3.14036769e+01 2.40587645e+05 1.35877111e+05
 3.46222670e+01 2.47949120e+05 1.40836152e+05
 3.81707333e+01 2.55676121e+05 1.46061376e+05
 4.20828849e+01 2.63721437e+05 1.51553406e+05
 4.63959964e+01 2.72069633e+05 1.57315804e+05
 5.11511624e+01 2.80730313e+05 1.63360168e+05
 5.63936895e+01 2.89696795e+05 1.69691106e+05
 6.21735277e+01 2.98914259e+05 1.76222985e+05
 6.85457466e+01 3.08316670e+05 1.82848864e+05
 7.55710598e+01 3.17962228e+05 1.89547948e+05
 8.33164034e+01 3.27965646e+05 1.96321623e+05
 9.18555740e+01 3.38391064e+05 2.03160881e+05
 1.01269932e+02 3.49244990e+05 2.10000234e+05
 1.11649175e+02 3.60542814e+05 2.16760806e+05
 1.23092196e+02 3.72334862e+05 2.23477312e+05
 1.35708022e+02 3.84676556e+05 2.30199133e+05
 1.49616855e+02 3.97502591e+05 2.36895240e+05
 1.64951217e+02 4.10853653e+05 2.43608958e+05
 1.81857210e+02 4.24839769e+05 2.50409171e+05
 2.00495914e+02 4.39618396e+05 2.57422484e+05
 2.21044915e+02 4.55911699e+05 2.65154598e+05
 2.43700000e+02 4.73874915e+05 2.73679183e+05
