 3.91000000e-01 1.99600620e+02 2.55968159e+03
 4.17366705e-01 2.21312553e+02 2.72580208e+03
 4.45511422e-01 2.44488610e+02 2.90312474e+03
 4.75554052e-01 2.69227521e+02 3.09240498e+03
 5.07622577e-01 2.95922861e+02 3.29542607e+03
 5.41853611e-01 3.24820705e+02 3.51351711e+03
 5.78392982e-01 3.56191420e+02 3.74808890e+03
 6.17396351e-01 3.90330278e+02 4.00066843e+03
 6.59029873e-01 4.27559511e+02 4.27282697e+03
 7.03470911e-01 4.68271402e+02 4.56485387e+03
 7.50908788e-01 5.12865227e+02 4.87647860e+03
 8.01545591e-01 5.61778182e+02 5.20728380e+03
 8.55597039e-01 6.15487549e+02 5.55670103e+03
 9.13293393e-01 6.74513017e+02 5.92400609e+03
 9.74880444e-01 7.39419165e+02 6.30831377e+03
 1.04062056e+00 8.10816465e+02 6.70862125e+03
 1.11079379e+00 8.89401168e+02 7.12636900e+03
 1.18569909e+00 9.76092018e+02 7.56519017e+03
 1.26565556e+00 1.07190058e+03 8.02917581e+03
 1.35100381e+00 1.17793640e+03 8.52289571e+03
 1.44210744e+00 1.29541253e+03 9.05142103e+03
 1.53935455e+00 1.42565142e+03 9.62034889e+03
 1.64315942e+00 1.57013621e+03 1.02358290e+04
 1.75396428e+00 1.73079808e+03 1.09008395e+04
 1.87224116e+00 1.90942591e+03 1.16132660e+04
 1.99849392e+00 2.10797144e+03 1.23703954e+04
 2.13326041e+00 2.32855894e+03 1.31688955e+04
 2.27711475e+00 2.57349565e+03 1.40047926e+04
 2.43066977e+00 2.84528283e+03 1.48734477e+04
 2.59457962e+00 3.14651823e+03 1.57695291e+04
 2.76954257e+00 3.47915658e+03 1.66918304e+04
 2.95630398e+00 3.84595263e+03 1.76463677e+04
 3.15565947e+00 4.24988422e+03 1.86399613e+04
 3.36845829e+00 4.69416683e+03 1.96802701e+04
 3.59560700e+00 5.18226900e+03 2.07758284e+04
 3.83807326e+00 5.71792875e+03 2.19360861e+04
 4.09689000e+00 6.30523915e+03 2.31714535e+04
 4.37315979e+00 6.94855573e+03 2.44873115e+04
 4.66805957e+00 7.65198514e+03 2.58806500e+04
 4.98284562e+00 8.41991290e+03 2.73475757e+04
 5.31885897e+00 9.25702374e+03 2.88832818e+04
 5.67753105e+00 1.01683231e+04 3.04820141e+04
 6.06038983e+00 1.11591599e+04 3.21370336e+04
 6.46906633e+00 1.22352508e+04 3.38405769e+04
 6.90530152e+00 1.34013036e+04 3.55907221e+04
 7.37095381e+00 1.46615276e+04 3.73856107e+04
 7.86800691e+00 1.60202443e+04 3.92229267e+04
 8.39857830e+00 1.74819036e+04 4.10998731e+04
 8.96492826e+00 1.90511016e+04 4.30131463e+04
 9.56946948e+00 2.07325980e+04 4.49589093e+04
 1.02147773e+01 2.25313357e+04 4.69327638e+04
 1.09036009e+01 2.44501401e+04 4.89244919e+04
 1.16388746e+01 2.64883709e+04 5.09301617e+04
 1.24237308e+01 2.86446455e+04 5.29453556e+04
 1.32615130e+01 3.09168197e+04 5.49651348e+04
 1.41557903e+01 3.33019645e+04 5.69840031e+04
 1.51103722e+01 3.57963413e+04 5.89958687e+04
 1.61293255e+01 3.83953742e+04 6.09940047e+04
 1.72169908e+01 4.10934375e+04 6.29777703e+04
 1.83780019e+01 4.38862797e+04 6.49509915e+04
 1.96173045e+01 4.67686175e+04 6.69147762e+04
 2.09401784e+01 4.97340904e+04 6.88705818e+04
 2.23522589e+01 5.27752129e+04 7.08202119e+04
 2.38595618e+01 5.58833223e+04 7.27658159e+04
 2.54685081e+01 5.90485237e+04 7.47098895e+04
 2.71859522e+01 6.22773777e+04 7.66496853e+04
 2.90192104e+01 6.55830805e+04 7.85808637e+04
 3.09760926e+01 6.89806306e+04 8.05059772e+04
 3.30649353e+01 7.24868958e+04 8.24282102e+04
 3.52946371e+01 7.61206881e+04 8.43513876e+04
 3.76746966e+01 7.99028464e+04 8.62799878e+04
 4.02152531e+01 8.38563277e+04 8.82191575e+04
 4.29271296e+01 8.79874863e+04 9.01747300e+04
 4.58218788e+01 9.22713714e+04 9.21467876e+04
 4.89118326e+01 9.66784216e+04 9.41273186e+04
 5.22101545e+01 1.01174269e+05 9.61071991e+04
 5.57308954e+01 1.05719528e+05 9.80761310e+04
 5.94890542e+01 1.10269563e+05 1.00022576e+05
 6.35006407e+01 1.14774242e+05 1.01933688e+05
 6.77827446e+01 1.19189381e+05 1.03795237e+05
 7.23536080e+01 1.23508267e+05 1.05603147e+05
 7.72327032e+01 1.27724306e+05 1.07357110e+05
 8.24408154e+01 1.31830969e+05 1.09057283e+05
 8.80001316e+01 1.35821737e+05 1.10704281e+05
 9.39343349e+01 1.39690042e+05 1.12299173e+05
 1.00268705e+02 1.43429222e+05 1.13843476e+05
 1.07030228e+02 1.47033668e+05 1.15339155e+05
 1.14247707e+02 1.50538822e+05 1.16783980e+05
 1.21951890e+02 1.53986890e+05 1.18192972e+05
 1.30175597e+02 1.57427068e+05 1.19583906e+05
 1.38953862e+02 1.60915805e+05 1.20977410e+05
 1.48324081e+02 1.64517082e+05 1.22397070e+05
 1.58326171e+02 1.68302734e+05 1.23869550e+05
 1.69002742e+02 1.72343667e+05 1.25424719e+05
 1.80399278e+02 1.76657097e+05 1.27084759e+05
 1.92564327e+02 1.81261399e+05 1.28856742e+05
 2.05549715e+02 1.86176187e+05 1.30748217e+05
 2.19410761e+02 1.91422399e+05 1.32767242e+05
 2.34206512e+02 1.97022385e+05 1.34922418e+05
 2.50000000e+02 2.03000000e+05 1.37222926e+05
