 1.58490000e+00 1.31739803e+00 9.47427032e+01
 1.77003433e+00 1.69242596e+00 1.05255116e+02
 1.97679445e+00 2.11126140e+00 1.16995499e+02
 2.20770650e+00 2.57902159e+00 1.30107291e+02
 2.46559171e+00 3.11103436e+00 1.44727618e+02
 2.75360083e+00 3.72230476e+00 1.61014313e+02
 3.07525270e+00 4.42759866e+00 1.79148119e+02
 3.43447715e+00 5.24189620e+00 1.99329941e+02
 3.83566311e+00 6.17964202e+00 2.21786618e+02
 4.28371214e+00 7.25413474e+00 2.46773176e+02
 4.78409839e+00 8.48011357e+00 2.74571977e+02
 5.34293544e+00 9.87163097e+00 3.05500979e+02
 5.96705101e+00 1.14403081e+01 3.39915865e+02
 6.66407036e+00 1.31935369e+01 3.78208941e+02
 7.44250950e+00 1.51412921e+01 4.20813699e+02
 8.31187918e+00 1.72931968e+01 4.68217110e+02
 9.28280110e+00 1.96587985e+01 5.20962223e+02
 1.03671377e+01 2.22497557e+01 5.79652744e+02
 1.15781372e+01 2.50825882e+01 6.44951219e+02
 1.29305952e+01 2.81811647e+01 7.17603154e+02
 1.44410357e+01 3.15836801e+01 7.98438511e+02
 1.61279127e+01 3.53349374e+01 8.88382156e+02
 1.80118362e+01 3.94893966e+01 9.88444523e+02
 2.01158233e+01 4.41108301e+01 1.09976154e+03
 2.24655800e+01 4.92743973e+01 1.22359509e+03
 2.50898150e+01 5.50653950e+01 1.36135183e+03
 2.80205905e+01 6.15875623e+01 1.51457677e+03
 3.12937138e+01 6.89600696e+01 1.68498720e+03
 3.49491751e+01 7.73225678e+01 1.87449270e+03
 3.90316359e+01 8.68453258e+01 2.08522831e+03
 4.35909745e+01 9.77490561e+01 2.31953904e+03
 4.86828956e+01 1.10295269e+02 2.58002236e+03
 5.43696109e+01 1.24794062e+02 2.86956887e+03
 6.07205992e+01 1.41627471e+02 3.19147739e+03
 6.78134551e+01 1.61280249e+02 3.54944801e+03
 7.57348372e+01 1.84346406e+02 3.94761550e+03
 8.45815267e+01 2.11529798e+02 4.39064555e+03
 9.44616101e+01 2.43661081e+02 4.88384562e+03
 1.05495799e+02 2.81787031e+02 5.43305479e+03
 1.17818907e+02 3.27228250e+02 6.04480872e+03
 1.31581495e+02 3.81559049e+02 6.72619207e+03
 1.46951708e+02 4.46566460e+02 7.48506084e+03
 1.64117337e+02 5.24537250e+02 8.32993656e+03
 1.83288107e+02 6.18286459e+02 9.26969330e+03
 2.04698241e+02 7.31390469e+02 1.03139656e+04
 2.28609321e+02 8.67878736e+02 1.14737350e+04
 2.55313487e+02 1.03271206e+03 1.27608248e+04
 2.85137003e+02 1.23198176e+03 1.41876714e+04
 3.18444245e+02 1.47372367e+03 1.57678227e+04
 3.55642151e+02 1.76682796e+03 1.75168038e+04
 3.97185195e+02 2.12246233e+03 1.94523114e+04
 4.43580939e+02 2.55384061e+03 2.15923091e+04
 4.95396233e+02 3.07801310e+03 2.39540311e+04
 5.53264142e+02 3.71421342e+03 2.65568345e+04
 6.17891680e+02 4.48588380e+03 2.94210809e+04
 6.90068449e+02 5.41936945e+03 3.25638731e+04
 7.70676284e+02 6.54729298e+03 3.59967093e+04
 8.60700031e+02 7.90598243e+03 3.97288814e+04
 9.61239574e+02 9.53824149e+03 4.37703610e+04
 1.07352328e+03 1.14901665e+04 4.81223577e+04
 1.19892299e+03 1.38140935e+04 5.27725914e+04
 1.33897082e+03 1.65657050e+04 5.76993656e+04
 1.49537783e+03 1.98070740e+04 6.28844224e+04
 1.67005495e+03 2.35924392e+04 6.82945285e+04
 1.86513634e+03 2.79720291e+04 7.38814136e+04
 2.08300546e+03 3.29795739e+04 7.95689783e+04
 2.32632417e+03 3.86431596e+04 8.52940303e+04
 2.59806526e+03 4.49694147e+04 9.09856866e+04
 2.90154880e+03 5.19504139e+04 9.65768039e+04
 3.24048267e+03 5.95385042e+04 1.01965151e+05
 3.61900787e+03 6.76974746e+04 1.07088139e+05
 4.04174911e+03 7.63684291e+04 1.11887189e+05
 4.51387133e+03 8.55020107e+04 1.16343142e+05
 5.04114278e+03 9.50164583e+04 1.20417021e+05
 5.63000554e+03 1.04852217e+05 1.24107765e+05
 6.28765416e+03 1.14923619e+05 1.27408918e+05
 7.02212360e+03 1.25184890e+05 1.30375379e+05
 7.84238743e+03 1.35551160e+05 1.33028679e+05
 8.75846739e+03 1.45969635e+05 1.35421334e+05
 9.78155589e+03 1.56363499e+05 1.37594418e+05
 1.09241528e+04 1.66711817e+05 1.39612787e+05
 1.22002179e+04 1.76966318e+05 1.41522090e+05
 1.36253420e+04 1.87133741e+05 1.43384040e+05
 1.52169368e+04 1.97206028e+05 1.45230680e+05
 1.69944479e+04 2.07200484e+05 1.47111363e+05
 1.89795925e+04 2.17132545e+05 1.49052790e+05
 2.11966245e+04 2.27052339e+05 1.51081839e+05
 2.36726311e+04 2.36970909e+05 1.53216129e+05
 2.64378634e+04 2.46916710e+05 1.55476249e+05
 2.95261063e+04 2.56908083e+05 1.57877812e+05
 3.29750909e+04 2.66970248e+05 1.60434463e+05
 3.68269562e+04 2.77139955e+05 1.63151525e+05
 4.11287632e+04 2.87432169e+05 1.66032490e+05
 4.59330700e+04 2.97873757e+05 1.69081046e+05
 5.12985745e+04 3.08535804e+05 1.72308508e+05
 5.72908309e+04 3.19586393e+05 1.75745034e+05
 6.39830509e+04 3.31205848e+05 1.79428178e+05
 7.14569982e+04 3.43528932e+05 1.83391689e+05
 7.98039875e+04 3.57291492e+05 1.87818183e+05
 8.91260000e+04 3.72661675e+05 1.92761742e+05
