 6.79470000e+01 4.34044694e+01 2.97352311e+03
 7.31637032e+01 5.29202370e+01 3.19933755e+03
 7.87809243e+01 6.31665878e+01 3.44248913e+03
 8.48294135e+01 7.41996131e+01 3.70430893e+03
 9.13422820e+01 8.65406642e+01 3.98600990e+03
 9.83551828e+01 1.00515216e+02 4.28901000e+03
 1.05906507e+02 1.16433282e+02 4.61485888e+03
 1.14037591e+02 1.34663517e+02 4.96524924e+03
 1.22792949e+02 1.55690116e+02 5.34199671e+03
 1.32220508e+02 1.79920608e+02 5.74715287e+03
 1.42371878e+02 2.07802323e+02 6.18291093e+03
 1.53302630e+02 2.39829458e+02 6.65163428e+03
 1.65072603e+02 2.76546186e+02 7.15586944e+03
 1.77746227e+02 3.18629779e+02 7.69831961e+03
 1.91392883e+02 3.67076959e+02 8.28183675e+03
 2.06087275e+02 4.22863283e+02 8.90946911e+03
 2.21909845e+02 4.87011417e+02 9.58444907e+03
 2.38947209e+02 5.60684538e+02 1.03102470e+04
 2.57292635e+02 6.45164843e+02 1.10905891e+04
 2.77046551e+02 7.41926909e+02 1.19294534e+04
 2.98317095e+02 8.53092156e+02 1.28309752e+04
 3.21220707e+02 9.80962885e+02 1.37995450e+04
 3.45882768e+02 1.12774885e+03 1.48401034e+04
 3.72438285e+02 1.29598952e+03 1.59579495e+04
 4.01032631e+02 1.48848052e+03 1.71587792e+04
 4.31822338e+02 1.70873693e+03 1.84472190e+04
 4.64975957e+02 1.96154002e+03 1.98290904e+04
 5.00674980e+02 2.25214283e+03 2.13092457e+04
 5.39114834e+02 2.58532393e+03 2.28925269e+04
 5.80505949e+02 2.96676086e+03 2.45837275e+04
 6.25074911e+02 3.40270006e+03 2.63877960e+04
 6.73065702e+02 3.90019612e+03 2.83084094e+04
 7.24741037e+02 4.46815945e+03 3.03514607e+04
 7.80383801e+02 5.11574122e+03 3.25177466e+04
 8.40298597e+02 5.85067255e+03 3.48093974e+04
 9.04813415e+02 6.68197513e+03 3.72289500e+04
 9.74281427e+02 7.61944554e+03 3.97786749e+04
 1.04908292e+03 8.67385876e+03 4.24603252e+04
 1.12962738e+03 9.86117965e+03 4.52707806e+04
 1.21635572e+03 1.11949170e+04 4.82039573e+04
 1.30974272e+03 1.26881469e+04 5.12564774e+04
 1.41029961e+03 1.43562897e+04 5.44272636e+04
 1.51857687e+03 1.62164317e+04 5.77140415e+04
 1.63516722e+03 1.82870914e+04 6.11138195e+04
 1.76070892e+03 2.05900861e+04 6.46080541e+04
 1.89588922e+03 2.31375405e+04 6.81872507e+04
 2.04144814e+03 2.59420222e+04 7.18352508e+04
 2.19818249e+03 2.90158884e+04 7.55403784e+04
 2.36695028e+03 3.23725764e+04 7.92849125e+04
 2.54867541e+03 3.60259085e+04 8.30486767e+04
 2.74435268e+03 3.99870507e+04 8.67949154e+04
 2.95505327e+03 4.42595856e+04 9.05102740e+04
 3.18193063e+03 4.88383540e+04 9.41711614e+04
 3.42622674e+03 5.37194824e+04 9.77727266e+04
 3.68927894e+03 5.88989749e+04 1.01302601e+05
 3.97252725e+03 6.43705892e+04 1.04747673e+05
 4.27752226e+03 7.01149703e+04 1.08084251e+05
 4.60593358e+03 7.60959559e+04 1.11303325e+05
 4.95955902e+03 8.22679040e+04 1.14396128e+05
 5.34033444e+03 8.86110624e+04 1.17372455e+05
 5.75034430e+03 9.51014754e+04 1.20228434e+05
 6.19183310e+03 1.01711422e+05 1.22961166e+05
 6.66721767e+03 1.08403407e+05 1.25566296e+05
 7.17910039e+03 1.15121435e+05 1.28047890e+05
 7.73028346e+03 1.21848254e+05 1.30435613e+05
 8.32378420e+03 1.28591788e+05 1.32748891e+05
 8.96285158e+03 1.35348895e+05 1.34992741e+05
 9.65098404e+03 1.42116391e+05 1.37173234e+05
 1.03919486e+04 1.48891734e+05 1.39298097e+05
 1.11898015e+04 1.55649287e+05 1.41372305e+05
 1.20489104e+04 1.62442250e+05 1.43428130e+05
 1.29739783e+04 1.69298671e+05 1.45472653e+05
 1.39700693e+04 1.76231464e+05 1.47513588e+05
 1.50426362e+04 1.83248835e+05 1.49559859e+05
 1.61975506e+04 1.90360592e+05 1.51621976e+05
 1.74411348e+04 1.97543701e+05 1.53703049e+05
 1.87801965e+04 2.04842945e+05 1.55825096e+05
 2.02220660e+04 2.12252909e+05 1.57988103e+05
 2.17746367e+04 2.19767754e+05 1.60192117e+05
 2.34464076e+04 2.27381134e+05 1.62437231e+05
 2.52465304e+04 2.35086106e+05 1.64723571e+05
 2.71848597e+04 2.42852407e+05 1.67045011e+05
 2.92720062e+04 2.50704821e+05 1.69409599e+05
 3.15193956e+04 2.58651701e+05 1.71820328e+05
 3.39393307e+04 2.66696286e+05 1.74278752e+05
 3.65450589e+04 2.74842957e+05 1.76786708e+05
 3.93508447e+04 2.83097221e+05 1.79346321e+05
 4.23720476e+04 2.91455756e+05 1.81956081e+05
 4.56252066e+04 2.99937210e+05 1.84616210e+05
 4.91281304e+04 3.08578578e+05 1.87331888e+05
 5.28999948e+04 3.17394578e+05 1.90101632e+05
 5.69614482e+04 3.26402461e+05 1.92923757e+05
 6.13347240e+04 3.35622081e+05 1.95796357e+05
 6.60437626e+04 3.45075979e+05 1.98717268e+05
 7.11143427e+04 3.54814990e+05 2.01694092e+05
 7.65742220e+04 3.64950366e+05 2.04761108e+05
 8.24532893e+04 3.75562469e+05 2.07944901e+05
 8.87837283e+04 3.86724391e+05 2.11268806e+05
 9.56001935e+04 3.98743283e+05 2.14847909e+05
 1.02940000e+05 4.11684937e+05 2.18701800e+05
