 1.07690000e+00 1.44645506e+00 7.22069404e+01
 1.20711708e+00 1.99213484e+00 8.06720826e+01
 1.35307981e+00 2.60379737e+00 9.01608166e+01
 1.51669213e+00 3.28942119e+00 1.00796914e+02
 1.70008819e+00 4.07658275e+00 1.12653396e+02
 1.90566022e+00 4.99074792e+00 1.25840624e+02
 2.13608971e+00 6.05443840e+00 1.40490371e+02
 2.39438237e+00 7.29497492e+00 1.56755209e+02
 2.68390738e+00 8.74087163e+00 1.74813928e+02
 3.00844130e+00 1.04195498e+01 1.94876223e+02
 3.37221737e+00 1.23566025e+01 2.17181295e+02
 3.77998067e+00 1.45757100e+01 2.41995348e+02
 4.23705008e+00 1.70936715e+01 2.69598268e+02
 4.74938762e+00 1.99315224e+01 3.00305854e+02
 5.32367622e+00 2.31032741e+01 3.34463948e+02
 5.96740691e+00 2.66163359e+01 3.72464320e+02
 6.68897651e+00 3.04768880e+01 4.14741878e+02
 7.49779720e+00 3.46958248e+01 4.61781676e+02
 8.40441923e+00 3.92866958e+01 5.14136030e+02
 9.42066859e+00 4.42761302e+01 5.72432952e+02
 1.05598013e+01 4.96880433e+01 6.37374690e+02
 1.18366761e+01 5.55582831e+01 7.09734526e+02
 1.32679486e+01 6.19402096e+01 7.90381912e+02
 1.48722884e+01 6.88793183e+01 8.80285126e+02
 1.66706225e+01 7.64296855e+01 9.80511432e+02
 1.86864084e+01 8.46553946e+01 1.09223762e+03
 2.09459400e+01 9.36243999e+01 1.21676697e+03
 2.34786906e+01 1.03416568e+02 1.35554524e+03
 2.63176975e+01 1.14133959e+02 1.51016961e+03
 2.94999928e+01 1.25905952e+02 1.68238646e+03
 3.30670863e+01 1.38920924e+02 1.87414340e+03
 3.70655071e+01 1.53370675e+02 2.08762076e+03
 4.15474109e+01 1.69508734e+02 2.32525531e+03
 4.65712595e+01 1.87655787e+02 2.58973030e+03
 5.22025841e+01 2.08239611e+02 2.88406882e+03
 5.85148398e+01 2.31673111e+02 3.21173075e+03
 6.55903636e+01 2.58459917e+02 3.57666401e+03
 7.35214489e+01 2.89225786e+02 3.98324806e+03
 8.24115486e+01 3.24839859e+02 4.43639386e+03
 9.23766255e+01 3.66254172e+02 4.94163640e+03
 1.03546664e+02 4.14685534e+02 5.50539014e+03
 1.16067366e+02 4.71608606e+02 6.13491801e+03
 1.30102053e+02 5.39063426e+02 6.83820530e+03
 1.45833792e+02 6.19345743e+02 7.62387944e+03
 1.63467788e+02 7.15212923e+02 8.50143573e+03
 1.83234060e+02 8.29866810e+02 9.48131974e+03
 2.05390439e+02 9.67364180e+02 1.05748941e+04
 2.30225932e+02 1.13233043e+03 1.17942464e+04
 2.58064496e+02 1.33064895e+03 1.31524179e+04
 2.89269255e+02 1.56951497e+03 1.46633551e+04
 3.24247246e+02 1.85859332e+03 1.63429018e+04
 3.63454721e+02 2.20919668e+03 1.82086160e+04
 4.07403103e+02 2.63554995e+03 2.02795242e+04
 4.56665656e+02 3.15507651e+03 2.25752652e+04
 5.11884960e+02 3.79042689e+03 2.51164868e+04
 5.73781297e+02 4.56684629e+03 2.79245896e+04
 6.43162043e+02 5.51474075e+03 3.10215095e+04
 7.20932202e+02 6.66774058e+03 3.44237057e+04
 8.08106207e+02 8.06776242e+03 3.81397465e+04
 9.05821159e+02 9.75926678e+03 4.21777467e+04
 1.01535165e+03 1.17940716e+04 4.65420446e+04
 1.13812640e+03 1.42226446e+04 5.12220223e+04
 1.27574688e+03 1.71018107e+04 5.61858437e+04
 1.43000822e+03 2.04876990e+04 6.13971973e+04
 1.60292260e+03 2.44403239e+04 6.68174711e+04
 1.79674552e+03 2.90021172e+04 7.24019252e+04
 2.01400521e+03 3.42043609e+04 7.80671467e+04
 2.25753560e+03 4.00634464e+04 8.37245853e+04
 2.53051331e+03 4.65835430e+04 8.92915511e+04
 2.83649907e+03 5.37546241e+04 9.47156104e+04
 3.17948414e+03 6.15336087e+04 9.99062231e+04
 3.56394244e+03 6.98581239e+04 1.04773564e+05
 3.99488885e+03 7.86659466e+04 1.09246855e+05
 4.47794462e+03 8.79094195e+04 1.13318538e+05
 5.01941075e+03 9.75021310e+04 1.16968805e+05
 5.62635013e+03 1.07374199e+05 1.20201890e+05
 6.30667968e+03 1.17429123e+05 1.23008232e+05
 7.06927363e+03 1.27623074e+05 1.25456662e+05
 7.92407925e+03 1.37871646e+05 1.27615676e+05
 8.88224665e+03 1.48108015e+05 1.29556215e+05
 9.95627416e+03 1.58251517e+05 1.31327094e+05
 1.11601714e+04 1.68314179e+05 1.33011328e+05
 1.25096421e+04 1.78244909e+05 1.34667461e+05
 1.40222886e+04 1.88046752e+05 1.36354742e+05
 1.57178421e+04 1.97696192e+05 1.38096861e+05
 1.76184192e+04 2.07283513e+05 1.39932079e+05
 1.97488112e+04 2.16848749e+05 1.41876032e+05
 2.21368069e+04 2.26419204e+05 1.43938297e+05
 2.48135553e+04 2.35960494e+05 1.46117585e+05
 2.78139720e+04 2.45576011e+05 1.48430909e+05
 3.11771944e+04 2.55304829e+05 1.50885280e+05
 3.49470925e+04 2.65168502e+05 1.53481073e+05
 3.91728408e+04 2.75114723e+05 1.56208407e+05
 4.39095601e+04 2.85215001e+05 1.59082324e+05
 4.92190361e+04 2.95554742e+05 1.62116467e+05
 5.51705258e+04 3.06325077e+05 1.65348101e+05
 6.18416603e+04 3.17652215e+05 1.68807138e+05
 6.93194582e+04 3.29680614e+05 1.72534896e+05
 7.77014598e+04 3.43163468e+05 1.76713409e+05
 8.70970000e+04 3.58276649e+05 1.81397182e+05
