 6.31000000e-01 1.62785470e+00 5.45541415e+01
 7.11128832e-01 2.23640763e+00 6.10445827e+01
 8.01432988e-01 2.92223891e+00 6.83592259e+01
 9.03204603e-01 3.69516188e+00 7.66027341e+01
 1.01789990e+00 4.60078188e+00 8.58519802e+01
 1.14716001e+00 5.68136523e+00 9.62025883e+01
 1.29283448e+00 6.97752864e+00 1.07762326e+02
 1.45700772e+00 8.53719297e+00 1.20647384e+02
 1.64202884e+00 1.04139773e+01 1.34983955e+02
 1.85054525e+00 1.26621128e+01 1.50912042e+02
 2.08554054e+00 1.53327598e+01 1.68588656e+02
 2.35037719e+00 1.84741815e+01 1.88193486e+02
 2.64884467e+00 2.21364060e+01 2.09914890e+02
 2.98521365e+00 2.63751315e+01 2.33972281e+02
 3.36429714e+00 3.12323986e+01 2.60611698e+02
 3.79151933e+00 3.67403193e+01 2.90116977e+02
 4.27299320e+00 4.29185627e+01 3.22799990e+02
 4.81560802e+00 4.97934803e+01 3.59014732e+02
 5.42712790e+00 5.73746272e+01 3.99167286e+02
 6.11630289e+00 6.56622242e+01 4.43728724e+02
 6.89299419e+00 7.46392640e+01 4.93206055e+02
 7.76831522e+00 8.43180019e+01 5.48178889e+02
 8.75479069e+00 9.46985756e+01 6.09294276e+02
 9.86653578e+00 1.05808661e+02 6.77306416e+02
 1.11194581e+01 1.17666949e+02 7.53043141e+02
 1.25314853e+01 1.30334934e+02 8.37439352e+02
 1.41228218e+01 1.43889849e+02 9.31540350e+02
 1.59162373e+01 1.58447565e+02 1.03655393e+03
 1.79373934e+01 1.74107668e+02 1.15378038e+03
 2.02152102e+01 1.91022004e+02 1.28469472e+03
 2.27822802e+01 2.09337008e+02 1.43088230e+03
 2.56753349e+01 2.29252004e+02 1.59407907e+03
 2.89357700e+01 2.50966745e+02 1.77614310e+03
 3.26102382e+01 2.74729463e+02 1.97913053e+03
 3.67513164e+01 3.00816131e+02 2.20527630e+03
 4.14182578e+01 3.29586633e+02 2.45711112e+03
 4.66778404e+01 3.61434845e+02 2.73740228e+03
 5.26053219e+01 3.96840810e+02 3.04931134e+03
 5.92855168e+01 4.36362004e+02 3.39659319e+03
 6.68140100e+01 4.80672882e+02 3.78355378e+03
 7.52985243e+01 5.30571679e+02 4.21505483e+03
 8.48604622e+01 5.87014591e+02 4.69667652e+03
 9.56366424e+01 6.51157347e+02 5.23484629e+03
 1.07781258e+02 7.24436726e+02 5.83681403e+03
 1.21468082e+02 8.08680922e+02 6.51080826e+03
 1.36892957e+02 9.06059956e+02 7.26577941e+03
 1.54276590e+02 1.01918451e+03 8.11161657e+03
 1.73867720e+02 1.15130341e+03 9.05894136e+03
 1.95946670e+02 1.30664699e+03 1.01194314e+04
 2.20829360e+02 1.49012495e+03 1.13057262e+04
 2.48871830e+02 1.70793413e+03 1.26317115e+04
 2.80475331e+02 1.96742528e+03 1.41118476e+04
 3.16092067e+02 2.27869294e+03 1.57621768e+04
 3.56231668e+02 2.65403324e+03 1.76006890e+04
 4.01468479e+02 3.10868306e+03 1.96470237e+04
 4.52449778e+02 3.66049874e+03 2.19209458e+04
 5.09905043e+02 4.33246030e+03 2.44436478e+04
 5.74656383e+02 5.15141648e+03 2.72372897e+04
 6.47630305e+02 6.14943250e+03 3.03226746e+04
 7.29870970e+02 7.36132054e+03 3.37160554e+04
 8.22555135e+02 8.82911145e+03 3.74302831e+04
 9.27008990e+02 1.06006321e+04 4.14741209e+04
 1.04472713e+03 1.27285307e+04 4.58485392e+04
 1.17739395e+03 1.52677801e+04 5.05407267e+04
 1.32690774e+03 1.82787404e+04 5.55263457e+04
 1.49540785e+03 2.18223335e+04 6.07727402e+04
 1.68530529e+03 2.59552671e+04 6.62364968e+04
 1.89931725e+03 3.07220042e+04 7.18523097e+04
 2.14050595e+03 3.61543151e+04 7.75421639e+04
 2.41232250e+03 4.22696357e+04 8.32234233e+04
 2.71865623e+03 4.90704860e+04 8.88184168e+04
 3.06389037e+03 5.65305152e+04 9.42396013e+04
 3.45296479e+03 6.46082138e+04 9.94037123e+04
 3.89144662e+03 7.32478253e+04 1.04239526e+05
 4.38560997e+03 8.23890083e+04 1.08709935e+05
 4.94252566e+03 9.19565113e+04 1.12789203e+05
 5.57016244e+03 1.01875681e+05 1.16471389e+05
 6.27750096e+03 1.12052542e+05 1.19758845e+05
 7.07466232e+03 1.22417506e+05 1.22690719e+05
 7.97305286e+03 1.32890125e+05 1.25314114e+05
 8.98552736e+03 1.43397526e+05 1.27688922e+05
 1.01265730e+04 1.53876555e+05 1.29866017e+05
 1.14125167e+04 1.64292570e+05 1.31910681e+05
 1.28617586e+04 1.74611899e+05 1.33883305e+05
 1.44950354e+04 1.84839713e+05 1.35842279e+05
 1.63357173e+04 1.94972726e+05 1.37831027e+05
 1.84101419e+04 2.05033025e+05 1.39888683e+05
 2.07479916e+04 2.15071477e+05 1.42043145e+05
 2.33827180e+04 2.25106889e+05 1.44316362e+05
 2.63520205e+04 2.35160923e+05 1.46723941e+05
 2.96983860e+04 2.45260582e+05 1.49273754e+05
 3.34696966e+04 2.55443816e+05 1.51974084e+05
 3.77199148e+04 2.65730183e+05 1.54823142e+05
 4.25098557e+04 2.76158257e+05 1.57823132e+05
 4.79080570e+04 2.86772870e+05 1.60982956e+05
 5.39917601e+04 2.97762818e+05 1.64343658e+05
 6.08480147e+04 3.09331465e+05 1.67948274e+05
 6.85749250e+04 3.21626953e+05 1.71831585e+05
 7.72830527e+04 3.35483810e+05 1.76208027e+05
 8.70970000e+04 3.51100308e+05 1.81140221e+05
