 3.98100000e-01 1.78340686e+00 5.18232750e+01
 4.50431358e-01 2.51289010e+00 5.80266990e+01
 5.09641819e-01 3.33826596e+00 6.50455804e+01
 5.76635661e-01 4.27213977e+00 7.29871134e+01
 6.52436031e-01 5.37422852e+00 8.19182203e+01
 7.38200571e-01 6.69797821e+00 9.19286812e+01
 8.35239100e-01 8.29950366e+00 1.03117520e+02
 9.45033615e-01 1.02501851e+01 1.15585434e+02
 1.06926093e+00 1.26300508e+01 1.29441311e+02
 1.20981826e+00 1.55203849e+01 1.44818066e+02
 1.36885226e+00 1.90012757e+01 1.61850803e+02
 1.54879171e+00 2.31648594e+01 1.80692754e+02
 1.75238471e+00 2.81126039e+01 2.01494948e+02
 1.98274058e+00 3.39436174e+01 2.24438900e+02
 2.24337738e+00 4.07405074e+01 2.49728849e+02
 2.53827560e+00 4.85750381e+01 2.77579081e+02
 2.87193903e+00 5.75140547e+01 3.08203699e+02
 3.24946344e+00 6.76092277e+01 3.41874434e+02
 3.67661450e+00 7.88789596e+01 3.78894259e+02
 4.15991575e+00 9.13095954e+01 4.19609262e+02
 4.70674831e+00 1.04886130e+02 4.64395002e+02
 5.32546353e+00 1.19586757e+02 5.13664600e+02
 6.02551060e+00 1.35380570e+02 5.67937026e+02
 6.81758081e+00 1.52227908e+02 6.27790980e+02
 7.71377087e+00 1.70142024e+02 6.93857593e+02
 8.72776761e+00 1.89137487e+02 7.66836228e+02
 9.87505707e+00 2.09285710e+02 8.47566046e+02
 1.11731609e+01 2.30658368e+02 9.36962946e+02
 1.26419042e+01 2.53381591e+02 1.03611611e+03
 1.43037178e+01 2.77612212e+02 1.14620021e+03
 1.61839815e+01 3.03539038e+02 1.26861593e+03
 1.83114111e+01 3.31318728e+02 1.40492123e+03
 2.07184973e+01 3.61194431e+02 1.55696955e+03
 2.34420017e+01 3.93408094e+02 1.72676984e+03
 2.65235184e+01 4.28248318e+02 1.91664043e+03
 3.00101090e+01 4.66015367e+02 2.12914077e+03
 3.39550217e+01 5.07051876e+02 2.36711760e+03
 3.84185043e+01 5.51781963e+02 2.63371553e+03
 4.34687241e+01 6.00715989e+02 2.93247981e+03
 4.91828094e+01 6.54399693e+02 3.26727774e+03
 5.56480271e+01 7.13463457e+02 3.64244629e+03
 6.29631159e+01 7.78722954e+02 4.06286560e+03
 7.12397935e+01 8.51118231e+02 4.53376388e+03
 8.06044635e+01 9.31796032e+02 5.06120491e+03
 9.12001456e+01 1.02208144e+03 5.65190969e+03
 1.03188660e+02 1.12379833e+03 6.31315737e+03
 1.16753097e+02 1.23915886e+03 7.05310982e+03
 1.32100619e+02 1.37083230e+03 7.88117370e+03
 1.49465614e+02 1.52199574e+03 8.80728388e+03
 1.69113287e+02 1.69683910e+03 9.84257534e+03
 1.91343701e+02 1.90024710e+03 1.09991709e+04
 2.16496366e+02 2.13779167e+03 1.22904334e+04
 2.44955418e+02 2.41627389e+03 1.37316400e+04
 2.77155493e+02 2.74554648e+03 1.53391218e+04
 3.13588357e+02 3.13728780e+03 1.71308967e+04
 3.54810424e+02 3.60563865e+03 1.91274887e+04
 4.01451246e+02 4.16820580e+03 2.13508943e+04
 4.54223134e+02 4.84825029e+03 2.38236018e+04
 5.13932035e+02 5.67352665e+03 2.65713424e+04
 5.81489838e+02 6.67669224e+03 2.96162858e+04
 6.57928303e+02 7.89376302e+03 3.29769564e+04
 7.44414818e+02 9.36929010e+03 3.66655512e+04
 8.42270227e+02 1.11529402e+04 4.06950210e+04
 9.52989003e+02 1.32941524e+04 4.50616929e+04
 1.07826207e+03 1.58524160e+04 4.97579469e+04
 1.22000264e+03 1.88916094e+04 5.47537476e+04
 1.38037539e+03 2.24780662e+04 6.00269560e+04
 1.56182960e+03 2.66704210e+04 6.55364259e+04
 1.76713646e+03 3.15002937e+04 7.12097783e+04
 1.99943149e+03 3.69966997e+04 7.69489352e+04
 2.26226235e+03 4.31938246e+04 8.26847424e+04
 2.55964306e+03 5.00778332e+04 8.83211646e+04
 2.89611530e+03 5.76121452e+04 9.37704330e+04
 3.27681775e+03 6.57467870e+04 9.89127054e+04
 3.70756461e+03 7.44292872e+04 1.03673442e+05
 4.19493434e+03 8.36275617e+04 1.08049772e+05
 4.74637019e+03 9.32805960e+04 1.12047447e+05
 5.37029382e+03 1.03308087e+05 1.15646429e+05
 6.07623395e+03 1.13654500e+05 1.18875737e+05
 6.87497189e+03 1.24257650e+05 1.21788735e+05
 7.77870617e+03 1.35034408e+05 1.24459722e+05
 8.80123884e+03 1.45914027e+05 1.26941384e+05
 9.95818629e+03 1.56829540e+05 1.29265237e+05
 1.12672177e+04 1.67723904e+05 1.31482972e+05
 1.27483250e+04 1.78527554e+05 1.33654720e+05
 1.44241279e+04 1.89217837e+05 1.35826541e+05
 1.63202199e+04 1.99822926e+05 1.38031877e+05
 1.84655584e+04 2.10373031e+05 1.40312170e+05
 2.08929077e+04 2.20869626e+05 1.42700158e+05
 2.36393388e+04 2.31350101e+05 1.45204927e+05
 2.67467960e+04 2.41874696e+05 1.47833239e+05
 3.02627371e+04 2.52514766e+05 1.50588919e+05
 3.42408585e+04 2.63285527e+05 1.53466642e+05
 3.87419151e+04 2.74222171e+05 1.56471002e+05
 4.38346481e+04 2.85427019e+05 1.59605829e+05
 4.95968352e+04 2.97125442e+05 1.62908479e+05
 5.61164778e+04 3.09518914e+05 1.66427335e+05
 6.34931457e+04 3.22755756e+05 1.70204133e+05
 7.18394972e+04 3.37732619e+05 1.74477402e+05
 8.12830000e+04 3.54678233e+05 1.79312403e+05
