 2.51200000e-01 2.52858647e+00 5.39927652e+01
 2.85678813e-01 3.55812450e+00 6.07586384e+01
 3.24890064e-01 4.72897323e+00 6.84531711e+01
 3.69483312e-01 6.06052847e+00 7.72038278e+01
 4.20197269e-01 7.63972971e+00 8.71050358e+01
 4.77872043e-01 9.54586020e+00 9.82766728e+01
 5.43463049e-01 1.18672718e+01 1.10847423e+02
 6.18056842e-01 1.47126673e+01 1.24941352e+02
 7.02889112e-01 1.82041351e+01 1.40694710e+02
 7.99365156e-01 2.24638330e+01 1.58249499e+02
 9.09083157e-01 2.76305662e+01 1.77747816e+02
 1.03386066e+00 3.38630950e+01 1.99331771e+02
 1.17576467e+00 4.13394530e+01 2.23152152e+02
 1.33714592e+00 5.02221675e+01 2.49338694e+02
 1.52067779e+00 6.06875575e+01 2.78051318e+02
 1.72940058e+00 7.29020661e+01 3.09402187e+02
 1.96677191e+00 8.70202700e+01 3.43521719e+02
 2.23672399e+00 1.03164033e+02 3.80568836e+02
 2.54372871e+00 1.21404059e+02 4.20684599e+02
 2.89287181e+00 1.41787071e+02 4.64002285e+02
 3.28993705e+00 1.64356731e+02 5.10767825e+02
 3.74150203e+00 1.89087144e+02 5.61227908e+02
 4.25504721e+00 2.15944319e+02 6.15765526e+02
 4.83907976e+00 2.44915245e+02 6.74826971e+02
 5.50327453e+00 2.75957768e+02 7.38929678e+02
 6.25863430e+00 3.09050897e+02 8.08775322e+02
 7.11767205e+00 3.44157914e+02 8.85180572e+02
 8.09461824e+00 3.81287192e+02 9.69029967e+02
 9.20565657e+00 4.20485795e+02 1.06139629e+03
 1.04691920e+01 4.61830978e+02 1.16346619e+03
 1.19061559e+01 5.05389768e+02 1.27658354e+03
 1.35403522e+01 5.51341031e+02 1.40224854e+03
 1.53988525e+01 5.99941884e+02 1.54206704e+03
 1.75124439e+01 6.51492130e+02 1.69784505e+03
 1.99161393e+01 7.06311036e+02 1.87160758e+03
 2.26497573e+01 7.64773106e+02 2.06554542e+03
 2.57585819e+01 8.27298685e+02 2.28214295e+03
 2.92941127e+01 8.94311928e+02 2.52417339e+03
 3.33149177e+01 9.66290524e+02 2.79477740e+03
 3.78876041e+01 1.04377800e+03 3.09750861e+03
 4.30879211e+01 1.12743940e+03 3.43639692e+03
 4.90020149e+01 1.21803557e+03 3.81596062e+03
 5.57278561e+01 1.31654291e+03 4.24136166e+03
 6.33768622e+01 1.42414819e+03 4.71841075e+03
 7.20757435e+01 1.54234762e+03 5.25354004e+03
 8.19686021e+01 1.67289943e+03 5.85404521e+03
 9.32193191e+01 1.81787331e+03 6.52808043e+03
 1.06014269e+02 1.97977933e+03 7.28468165e+03
 1.20565408e+02 2.16161940e+03 8.13395373e+03
 1.37113785e+02 2.36707223e+03 9.08721013e+03
 1.55933532e+02 2.60047905e+03 1.01568723e+04
 1.77336411e+02 2.86737088e+03 1.13569996e+04
 2.01676972e+02 3.17432461e+03 1.27033096e+04
 2.29358431e+02 3.52962746e+03 1.42132984e+04
 2.60839349e+02 3.94307442e+03 1.59059832e+04
 2.96641224e+02 4.42782683e+03 1.78019062e+04
 3.37357137e+02 4.99932406e+03 1.99239213e+04
 3.83661571e+02 5.67710668e+03 2.22962984e+04
 4.36321585e+02 6.48464407e+03 2.49437254e+04
 4.96209524e+02 7.45108373e+03 2.78923773e+04
 5.64317467e+02 8.61121874e+03 3.11679722e+04
 6.41773663e+02 1.00069893e+04 3.47946566e+04
 7.29861220e+02 1.16869226e+04 3.87898744e+04
 8.30039359e+02 1.37077566e+04 4.31681315e+04
 9.43967590e+02 1.61304205e+04 4.79315912e+04
 1.07353320e+03 1.90239505e+04 5.30759940e+04
 1.22088253e+03 2.24599488e+04 5.85730521e+04
 1.38845650e+03 2.65102964e+04 6.43848719e+04
 1.57903107e+03 3.12398504e+04 7.04513200e+04
 1.79576322e+03 3.66996928e+04 7.67053126e+04
 2.04224325e+03 4.29253309e+04 8.30466174e+04
 2.32255425e+03 4.99392480e+04 8.93786633e+04
 2.64133974e+03 5.77407161e+04 9.55925059e+04
 3.00388058e+03 6.62977375e+04 1.01593786e+05
 3.41618247e+03 7.55691606e+04 1.07283017e+05
 3.88507545e+03 8.54951242e+04 1.12592149e+05
 4.41832701e+03 9.60001266e+04 1.17465956e+05
 5.02477076e+03 1.07006006e+05 1.21895419e+05
 5.71445281e+03 1.18429389e+05 1.25885277e+05
 6.49879815e+03 1.30171514e+05 1.29459560e+05
 7.39079993e+03 1.42142625e+05 1.32669043e+05
 8.40523468e+03 1.54227092e+05 1.35573763e+05
 9.55890711e+03 1.66361388e+05 1.38241492e+05
 1.08709285e+04 1.78493379e+05 1.40748052e+05
 1.23630332e+04 1.90559299e+05 1.43159464e+05
 1.40599389e+04 2.02512807e+05 1.45535281e+05
 1.59897558e+04 2.14362499e+05 1.47936922e+05
 1.81844525e+04 2.26154364e+05 1.50404408e+05
 2.06803854e+04 2.37945837e+05 1.52986123e+05
 2.35189010e+04 2.49733979e+05 1.55707005e+05
 2.67470212e+04 2.61566085e+05 1.58577173e+05
 3.04182216e+04 2.73522510e+05 1.61603650e+05
 3.45933179e+04 2.85664563e+05 1.64787550e+05
 3.93414729e+04 2.98017228e+05 1.68127966e+05
 4.47413427e+04 3.10662679e+05 1.71637272e+05
 5.08823792e+04 3.23828055e+05 1.75359433e+05
 5.78663125e+04 3.37805659e+05 1.79350260e+05
 6.58088355e+04 3.52763004e+05 1.83653700e+05
 7.48415207e+04 3.69773341e+05 1.88547814e+05
 8.51140000e+04 3.89118455e+05 1.94113678e+05
