 8.91000000e-02 3.17731789e+00 6.83984926e+01
 1.02324577e-01 4.52378321e+00 7.80114928e+01
 1.17511999e-01 6.07009628e+00 8.90512928e+01
 1.34953599e-01 7.84591930e+00 1.01729664e+02
 1.54983950e-01 9.99521471e+00 1.16241403e+02
 1.77987286e-01 1.26690999e+01 1.32800742e+02
 2.04404868e-01 1.60371388e+01 1.51641704e+02
 2.34743454e-01 2.03110140e+01 1.73005158e+02
 2.69585013e-01 2.57401266e+01 1.97136702e+02
 3.09597896e-01 3.26008119e+01 2.24280628e+02
 3.55549650e-01 4.12325889e+01 2.54654798e+02
 4.08321747e-01 5.20309391e+01 2.88467366e+02
 4.68926489e-01 6.54330257e+01 3.25877701e+02
 5.38526428e-01 8.19362986e+01 3.66995981e+02
 6.18456668e-01 1.02085195e+02 4.11883682e+02
 7.10250473e-01 1.26436625e+02 4.60474688e+02
 8.15668680e-01 1.55569413e+02 5.12664454e+02
 9.36733478e-01 1.89968860e+02 5.68237374e+02
 1.07576720e+00 2.30106846e+02 6.26906278e+02
 1.23543685e+00 2.76340766e+02 6.88402499e+02
 1.41880532e+00 3.28851071e+02 7.52442118e+02
 1.62939006e+00 3.87663689e+02 8.18734984e+02
 1.87123063e+00 4.52647704e+02 8.87186469e+02
 2.14896614e+00 5.23500556e+02 9.57808625e+02
 2.46792426e+00 5.99865199e+02 1.03082307e+03
 2.83422342e+00 6.81131683e+02 1.10652524e+03
 3.25489017e+00 7.66744274e+02 1.18538704e+03
 3.73799394e+00 8.56221980e+02 1.26807782e+03
 4.29280191e+00 9.49145994e+02 1.35542758e+03
 4.92995669e+00 1.04524956e+03 1.44833472e+03
 5.66168052e+00 1.14440919e+03 1.54784400e+03
 6.50200972e+00 1.24662407e+03 1.65513868e+03
 7.46706392e+00 1.35221437e+03 1.77165193e+03
 8.57535533e+00 1.46157460e+03 1.89886704e+03
 9.84814376e+00 1.57509819e+03 2.03834643e+03
 1.13098445e+01 1.69327223e+03 2.19193348e+03
 1.29884967e+01 1.81663296e+03 2.36166000e+03
 1.49163012e+01 1.94566651e+03 2.54967001e+03
 1.71302381e+01 2.08097752e+03 2.75851556e+03
 1.96727764e+01 2.22312381e+03 2.99107914e+03
 2.25926883e+01 2.37267520e+03 3.25081841e+03
 2.59459852e+01 2.53044430e+03 3.54182224e+03
 2.97969918e+01 2.69728558e+03 3.86837441e+03
 3.42195801e+01 2.87416327e+03 4.23540334e+03
 3.92985866e+01 3.06226025e+03 4.64824963e+03
 4.51314396e+01 3.26280221e+03 5.11237188e+03
 5.18300278e+01 3.47730668e+03 5.63385976e+03
 5.95228472e+01 3.70747525e+03 6.21900208e+03
 6.83574655e+01 3.95510830e+03 6.87441382e+03
 7.85033531e+01 4.22256095e+03 7.60818037e+03
 9.01551338e+01 4.51302464e+03 8.42970711e+03
 1.03536318e+02 4.83042201e+03 9.34988218e+03
 1.18903591e+02 5.17992060e+03 1.03814845e+04
 1.36551737e+02 5.56868181e+03 1.15395570e+04
 1.56819290e+02 6.00519919e+03 1.28416371e+04
 1.80095034e+02 6.50127808e+03 1.43070040e+04
 2.06825457e+02 7.07092438e+03 1.59569857e+04
 2.37523316e+02 7.72981170e+03 1.78139516e+04
 2.72777474e+02 8.49771038e+03 1.99011721e+04
 3.13264194e+02 9.39733050e+03 2.22425873e+04
 3.59760115e+02 1.04532478e+04 2.48623399e+04
 4.13157146e+02 1.16967544e+04 2.77820915e+04
 4.74479577e+02 1.31621090e+04 3.10218328e+04
 5.44903728e+02 1.48890111e+04 3.46011767e+04
 6.25780512e+02 1.69253947e+04 3.85326180e+04
 7.18661351e+02 1.93241708e+04 4.28171333e+04
 8.25327935e+02 2.21453472e+04 4.74528468e+04
 9.47826398e+02 2.54557495e+04 5.24224541e+04
 1.08850657e+03 2.93198528e+04 5.76923461e+04
 1.25006706e+03 3.38017968e+04 6.32194272e+04
 1.43560699e+03 3.89611965e+04 6.89317351e+04
 1.64868551e+03 4.48414499e+04 7.47462226e+04
 1.89338999e+03 5.14650024e+04 8.05835882e+04
 2.17441448e+03 5.88458250e+04 8.63440247e+04
 2.49714974e+03 6.69564500e+04 9.19186144e+04
 2.86778667e+03 7.57511043e+04 9.72243411e+04
 3.29343500e+03 8.51753957e+04 1.02185197e+05
 3.78225975e+03 9.51617480e+04 1.06753157e+05
 4.34363783e+03 1.05627329e+05 1.10905848e+05
 4.98833788e+03 1.16503748e+05 1.14641033e+05
 5.72872687e+03 1.27691784e+05 1.17969062e+05
 6.57900736e+03 1.39145624e+05 1.20959397e+05
 7.55548987e+03 1.50816063e+05 1.23673388e+05
 8.67690580e+03 1.62633758e+05 1.26171449e+05
 9.96476676e+03 1.74531585e+05 1.28512938e+05
 1.14437772e+04 1.86472434e+05 1.30762364e+05
 1.31423082e+04 1.98418295e+05 1.32974134e+05
 1.50929420e+04 2.10335067e+05 1.35213013e+05
 1.73330966e+04 2.22190909e+05 1.37499698e+05
 1.99057440e+04 2.34017569e+05 1.39857056e+05
 2.28602338e+04 2.45851767e+05 1.42308487e+05
 2.62532409e+04 2.57730889e+05 1.44883845e+05
 3.01498516e+04 2.69749517e+05 1.47586090e+05
 3.46248128e+04 2.82001977e+05 1.50405040e+05
 3.97639656e+04 2.94671770e+05 1.53351782e+05
 4.56658919e+04 3.08032782e+05 1.56473358e+05
 5.24438057e+04 3.22356120e+05 1.59819928e+05
 6.02277245e+04 3.37899431e+05 1.63430163e+05
 6.91669635e+04 3.55749742e+05 1.67576244e+05
 7.94330000e+04 3.76249467e+05 1.72337702e+05
