 3.70000000e-02 9.48358253e+00 2.27860324e+02
 4.28905224e-02 1.53844388e+01 2.60342051e+02
 4.97188353e-02 2.22247310e+01 2.97994976e+02
 5.76342384e-02 3.01540202e+01 3.41642371e+02
 6.68097997e-02 3.98304820e+01 3.91902423e+02
 7.74461407e-02 5.19744795e+01 4.49497877e+02
 8.97758224e-02 6.73729241e+01 5.15269803e+02
 1.04068430e-01 8.70352093e+01 5.90019775e+02
 1.20636469e-01 1.12185335e+02 6.74619845e+02
 1.39842193e-01 1.44220053e+02 7.69869972e+02
 1.62105533e-01 1.84805843e+02 8.76414131e+02
 1.87913270e-01 2.35859510e+02 9.94700798e+02
 2.17829684e-01 2.99527105e+02 1.12482449e+03
 2.52508890e-01 3.78184234e+02 1.26638290e+03
 2.92709140e-01 4.74284410e+02 1.41858237e+03
 3.39309403e-01 5.90131742e+02 1.57990564e+03
 3.93328582e-01 7.27766384e+02 1.74836199e+03
 4.55947793e-01 8.88783507e+02 1.92149770e+03
 5.28536189e-01 1.07416744e+03 2.09649595e+03
 6.12680899e-01 1.28410878e+03 2.27041365e+03
 7.10221724e-01 1.51780002e+03 2.44039975e+03
 8.23291371e-01 1.77365151e+03 2.60386262e+03
 9.54362079e-01 2.04941508e+03 2.75878723e+03
 1.10629968e+00 2.34228067e+03 2.90383429e+03
 1.28242625e+00 2.64918036e+03 3.03843022e+03
 1.48659274e+00 2.96696659e+03 3.16272625e+03
 1.72326323e+00 3.29265630e+03 3.27754768e+03
 1.99761243e+00 3.62403212e+03 3.38445662e+03
 2.31563894e+00 3.95920487e+03 3.48527518e+03
 2.68429631e+00 4.29665794e+03 3.58209244e+03
 3.11164516e+00 4.63562980e+03 3.67713042e+03
 3.60702936e+00 4.97565124e+03 3.77258432e+03
 4.18128036e+00 5.31652653e+03 3.87052841e+03
 4.84695402e+00 5.65870257e+03 3.97315520e+03
 5.61860513e+00 6.00218441e+03 4.08250873e+03
 6.51310565e+00 6.34715671e+03 4.20083896e+03
 7.55001361e+00 6.69429332e+03 4.33061090e+03
 8.75200074e+00 7.04389009e+03 4.47432635e+03
 1.01453482e+01 7.39619673e+03 4.63483661e+03
 1.17605212e+01 7.75172599e+03 4.81523085e+03
 1.36328350e+01 8.11062631e+03 5.01879959e+03
 1.58032275e+01 8.47354819e+03 5.24928676e+03
 1.83191535e+01 8.84141924e+03 5.51074414e+03
 2.12356234e+01 9.21493982e+03 5.80753811e+03
 2.46164048e+01 9.59535844e+03 6.14460999e+03
 2.85354179e+01 9.98475952e+03 6.52720295e+03
 3.30783508e+01 1.03852911e+04 6.96167260e+03
 3.83445336e+01 1.07996893e+04 7.45455678e+03
 4.44491102e+01 1.12313289e+04 8.01301558e+03
 5.15255555e+01 1.16838051e+04 8.64488855e+03
 5.97285943e+01 1.21618693e+04 9.35949840e+03
 6.92375840e+01 1.26705870e+04 1.01669492e+04
 8.02604364e+01 1.32156316e+04 1.10791514e+04
 9.30381633e+01 1.38037969e+04 1.21084152e+04
 1.07850147e+02 1.44430541e+04 1.32691394e+04
 1.25020247e+02 1.51425147e+04 1.45771865e+04
 1.44923883e+02 1.59138111e+04 1.60502268e+04
 1.67996245e+02 1.67707018e+04 1.77070877e+04
 1.94741802e+02 1.77306923e+04 1.95697280e+04
 2.25745341e+02 1.88132121e+04 2.16591185e+04
 2.61684746e+02 2.00427100e+04 2.39995257e+04
 3.03345823e+02 2.14481147e+04 2.66174181e+04
 3.51639481e+02 2.30627143e+04 2.95357330e+04
 4.07621649e+02 2.49249604e+04 3.27768009e+04
 4.72516364e+02 2.70799152e+04 3.63636923e+04
 5.47742532e+02 2.95780658e+04 4.03068948e+04
 6.34944954e+02 3.24777777e+04 4.46141320e+04
 7.36030291e+02 3.58450358e+04 4.92851513e+04
 8.53208747e+02 3.97473480e+04 5.42951728e+04
 9.89042401e+02 4.42553825e+04 5.96151058e+04
 1.14650122e+03 4.94427426e+04 6.51990287e+04
 1.32902801e+03 5.53695314e+04 7.09665194e+04
 1.54061366e+03 6.20838920e+04 7.68387595e+04
 1.78588445e+03 6.96131583e+04 8.27135153e+04
 2.07020316e+03 7.79538495e+04 8.84690643e+04
 2.39978635e+03 8.70846547e+04 9.40061628e+04
 2.78184027e+03 9.69517459e+04 9.92180171e+04
 3.22471844e+03 1.07468088e+05 1.04012195e+05
 3.73810428e+03 1.18539368e+05 1.08342111e+05
 4.33322285e+03 1.30045799e+05 1.12169472e+05
 5.02308625e+03 1.41882782e+05 1.15511416e+05
 5.82277820e+03 1.53942064e+05 1.18418350e+05
 6.74978374e+03 1.66096817e+05 1.20946665e+05
 7.82437163e+03 1.78262670e+05 1.23185208e+05
 9.07003747e+03 1.90369732e+05 1.25229962e+05
 1.05140174e+04 2.02340775e+05 1.27168915e+05
 1.21878838e+04 2.14165840e+05 1.29098315e+05
 1.41282352e+04 2.25823042e+05 1.31082334e+05
 1.63774969e+04 2.37309778e+05 1.33172198e+05
 1.89848486e+04 2.48704758e+05 1.35416236e+05
 2.20072993e+04 2.60052208e+05 1.37842979e+05
 2.55109341e+04 2.71379909e+05 1.40462428e+05
 2.95723592e+04 2.82793879e+05 1.43280705e+05
 3.42803766e+04 2.94353670e+05 1.46292504e+05
 3.97379259e+04 3.06136504e+05 1.49497920e+05
 4.60643351e+04 3.18404833e+05 1.52946257e+05
 5.33979296e+04 3.31417187e+05 1.56694451e+05
 6.18990565e+04 3.45371933e+05 1.60780845e+05
 7.17535910e+04 3.61548320e+05 1.65517806e+05
 8.31770000e+04 3.80300042e+05 1.71008908e+05
