 1.12200000e-01 2.23473015e+03 8.80528618e+03
 1.28724677e-01 2.63046810e+03 9.20218448e+03
 1.47683088e-01 3.08448985e+03 9.65753747e+03
 1.69433670e-01 3.60537936e+03 1.01799543e+04
 1.94387651e-01 4.20787784e+03 1.07614075e+04
 2.23016823e-01 4.90822582e+03 1.13961508e+04
 2.55862464e-01 5.72431296e+03 1.20815071e+04
 2.93545571e-01 6.67733667e+03 1.28132696e+04
 3.36778599e-01 7.79145438e+03 1.35851101e+04
 3.86378934e-01 9.09130228e+03 1.43945368e+04
 4.43284344e-01 1.06057294e+04 1.52371855e+04
 5.08570713e-01 1.23504519e+04 1.61029482e+04
 5.83472377e-01 1.43304976e+04 1.69787016e+04
 6.69405466e-01 1.65458318e+04 1.78459961e+04
 7.67994673e-01 1.89784687e+04 1.86787864e+04
 8.81103976e-01 2.15989949e+04 1.94541854e+04
 1.01087188e+00 2.43571293e+04 2.01484262e+04
 1.15975184e+00 2.71830193e+04 2.07360179e+04
 1.33055865e+00 3.00167740e+04 2.12007499e+04
 1.52652168e+00 3.28135139e+04 2.15399730e+04
 1.75134590e+00 3.55185191e+04 2.17547380e+04
 2.00928195e+00 3.81001091e+04 2.18597567e+04
 2.30520651e+00 4.05290328e+04 2.18708699e+04
 2.64471446e+00 4.28106786e+04 2.18073339e+04
 3.03422473e+00 4.49602697e+04 2.16940723e+04
 3.48110159e+00 4.70025069e+04 2.15528566e+04
 3.99379392e+00 4.89501345e+04 2.13932412e+04
 4.58199493e+00 5.08282674e+04 2.12274613e+04
 5.25682547e+00 5.26537094e+04 2.10624390e+04
 6.03104421e+00 5.44460338e+04 2.09032369e+04
 6.91928892e+00 5.62075213e+04 2.07523312e+04
 7.93835322e+00 5.79445273e+04 2.06118912e+04
 9.10750404e+00 5.96585207e+04 2.04844659e+04
 1.04488460e+01 6.13537537e+04 2.03724180e+04
 1.19877390e+01 6.30343494e+04 2.02777899e+04
 1.37532784e+01 6.47014337e+04 2.02031698e+04
 1.57788442e+01 6.63574909e+04 2.01517919e+04
 1.81027328e+01 6.80014515e+04 2.01275790e+04
 2.07688808e+01 6.96333275e+04 2.01358039e+04
 2.38276959e+01 7.12586438e+04 2.01842452e+04
 2.73370094e+01 7.28768818e+04 2.02818924e+04
 3.13631702e+01 7.44887829e+04 2.04397911e+04
 3.59822991e+01 7.60965942e+04 2.06696744e+04
 4.12817275e+01 7.77044763e+04 2.09829941e+04
 4.73616491e+01 7.93157715e+04 2.13930806e+04
 5.43370141e+01 8.09354176e+04 2.19123605e+04
 6.23397022e+01 8.25665913e+04 2.25481509e+04
 7.15210163e+01 8.42126749e+04 2.33092723e+04
 8.20545429e+01 8.58825179e+04 2.42058289e+04
 9.41394343e+01 8.75826483e+04 2.52479384e+04
 1.08004174e+02 8.93202918e+04 2.64485673e+04
 1.23910894e+02 9.11087706e+04 2.78204260e+04
 1.42160337e+02 9.29627103e+04 2.93775095e+04
 1.63097536e+02 9.48998226e+04 3.11373108e+04
 1.87118338e+02 9.69494258e+04 3.31184278e+04
 2.14676895e+02 9.91403063e+04 3.53348424e+04
 2.46294242e+02 1.01511583e+05 3.78025932e+04
 2.82568153e+02 1.04103479e+05 4.05328374e+04
 3.24184441e+02 1.06962496e+05 4.35341888e+04
 3.71929923e+02 1.10131540e+05 4.68054371e+04
 4.26707301e+02 1.13654173e+05 5.03430937e+04
 4.89552224e+02 1.17570893e+05 5.41324131e+04
 5.61652869e+02 1.21923491e+05 5.81482595e+04
 6.44372407e+02 1.26742212e+05 6.23554935e+04
 7.39274776e+02 1.32065502e+05 6.67075271e+04
 8.48154249e+02 1.37919999e+05 7.11411927e+04
 9.73069356e+02 1.44328909e+05 7.55951046e+04
 1.11638180e+03 1.51308748e+05 7.99963487e+04
 1.28080113e+03 1.58860191e+05 8.42660609e+04
 1.46943594e+03 1.66959094e+05 8.83269466e+04
 1.68585264e+03 1.75579655e+05 9.21054554e+04
 1.93414293e+03 1.84663572e+05 9.55463857e+04
 2.21900110e+03 1.94132226e+05 9.86058659e+04
 2.54581283e+03 2.03910621e+05 1.01258926e+05
 2.92075699e+03 2.13913340e+05 1.03499718e+05
 3.35092246e+03 2.24040255e+05 1.05342973e+05
 3.84444217e+03 2.34226999e+05 1.06835101e+05
 4.41064684e+03 2.44391470e+05 1.08024528e+05
 5.06024144e+03 2.54480676e+05 1.08969975e+05
 5.80550753e+03 2.64464321e+05 1.09751096e+05
 6.66053549e+03 2.74298836e+05 1.10441220e+05
 7.64149090e+03 2.83961526e+05 1.11115739e+05
 8.76692021e+03 2.93454421e+05 1.11849341e+05
 1.00581013e+04 3.02783782e+05 1.12700019e+05
 1.15394460e+04 3.11970013e+05 1.13730524e+05
 1.32389614e+04 3.21014796e+05 1.14987853e+05
 1.51887792e+04 3.29957654e+05 1.16505740e+05
 1.74257638e+04 3.38846592e+05 1.18303407e+05
 1.99922086e+04 3.47730484e+05 1.20395100e+05
 2.29366364e+04 3.56651836e+05 1.22793718e+05
 2.63147157e+04 3.65605355e+05 1.25496557e+05
 3.01903144e+04 3.74636700e+05 1.28495586e+05
 3.46367065e+04 3.83794053e+05 1.31776327e+05
 3.97379577e+04 3.93075253e+05 1.35326581e+05
 4.55905149e+04 4.02540547e+05 1.39160062e+05
 5.23050294e+04 4.12345061e+05 1.43320648e+05
 6.00084493e+04 4.22696286e+05 1.47863071e+05
 6.88464194e+04 4.33761779e+05 1.52840107e+05
 7.89860347e+04 4.46456983e+05 1.58550154e+05
 9.06190000e+04 4.61021921e+05 1.65101170e+05
