 2.80000000e-02 1.98042297e+03 2.10295702e+04
 3.21506369e-02 3.17377357e+03 2.34161564e+04
 3.69165519e-02 4.54402291e+03 2.61565231e+04
 4.23889520e-02 6.11739396e+03 2.93031136e+04
 4.86725644e-02 7.96284942e+03 3.28603427e+04
 5.58876409e-02 1.01437410e+04 3.68290260e+04
 6.41722589e-02 1.27279346e+04 4.12026356e+04
 7.36849641e-02 1.57940484e+04 4.59627029e+04
 8.46078045e-02 1.94220274e+04 5.10708143e+04
 9.71498143e-02 2.36935296e+04 5.64738383e+04
 1.11551014e-01 2.86869488e+04 6.21000853e+04
 1.28087006e-01 3.44759158e+04 6.78326538e+04
 1.47074243e-01 4.11246049e+04 7.35573275e+04
 1.68876093e-01 4.86213798e+04 7.91650249e+04
 1.93909783e-01 5.69590039e+04 8.45148204e+04
 2.22654394e-01 6.60970640e+04 8.94767936e+04
 2.55660021e-01 7.59454333e+04 9.39297388e+04
 2.93558303e-01 8.63820946e+04 9.77626179e+04
 3.37074515e-01 9.72513770e+04 1.00919371e+05
 3.87041440e-01 1.08384076e+05 1.03368401e+05
 4.44415315e-01 1.19695693e+05 1.05084272e+05
 5.10294122e-01 1.31039159e+05 1.06096314e+05
 5.85938608e-01 1.42288173e+05 1.06458612e+05
 6.72796408e-01 1.53351810e+05 1.06248887e+05
 7.72529751e-01 1.64143346e+05 1.05562153e+05
 8.87047268e-01 1.74610525e+05 1.04490449e+05
 1.01854052e+00 1.84720032e+05 1.03113977e+05
 1.16952595e+00 1.94455062e+05 1.01516288e+05
 1.34289300e+00 2.03835329e+05 9.97683398e+04
 1.54195947e+00 2.12886212e+05 9.79254625e+04
 1.77053497e+00 2.21630514e+05 9.60259526e+04
 2.03299382e+00 2.30117921e+05 9.41043999e+04
 2.33435879e+00 2.38377061e+05 9.21815644e+04
 2.68039721e+00 2.46431962e+05 9.02682391e+04
 3.07773134e+00 2.54303503e+05 8.83741891e+04
 3.53396509e+00 2.61988353e+05 8.65052978e+04
 4.05782959e+00 2.69494236e+05 8.46654028e+04
 4.65935021e+00 2.76825471e+05 8.28603597e+04
 5.35003845e+00 2.83983850e+05 8.10904638e+04
 6.14311227e+00 2.90981578e+05 7.93587835e+04
 7.05374900e+00 2.97824120e+05 7.76663310e+04
 8.09937582e+00 3.04528983e+05 7.60120225e+04
 9.30000325e+00 3.11121941e+05 7.43960638e+04
 1.06786081e+01 3.17608759e+05 7.28151023e+04
 1.22615733e+01 3.23989763e+05 7.12663023e+04
 1.40791925e+01 3.30264589e+05 6.97471822e+04
 1.61662503e+01 3.36433192e+05 6.82550855e+04
 1.85626872e+01 3.42483663e+05 6.67902430e+04
 2.13143649e+01 3.48408515e+05 6.53506233e+04
 2.44739431e+01 3.54195222e+05 6.39344186e+04
 2.81018877e+01 3.59832057e+05 6.25433466e+04
 3.22676282e+01 3.65315356e+05 6.11753065e+04
 3.70508856e+01 3.70636639e+05 5.98297392e+04
 4.25431989e+01 3.75792077e+05 5.85067218e+04
 4.88496764e+01 3.80786510e+05 5.72057105e+04
 5.60910075e+01 3.85628057e+05 5.59281505e+04
 6.44057720e+01 3.90324872e+05 5.46748615e+04
 7.39530924e+01 3.94873735e+05 5.34476219e+04
 8.49156794e+01 3.99287576e+05 5.22493203e+04
 9.75033276e+01 4.03578815e+05 5.10821462e+04
 1.11956932e+02 4.07747870e+05 4.99510004e+04
 1.28553095e+02 4.11810169e+05 4.88579888e+04
 1.47609424e+02 4.15773482e+05 4.78065229e+04
 1.69490607e+02 4.19659742e+05 4.68008876e+04
 1.94615391e+02 4.23493617e+05 4.58455662e+04
 2.23464599e+02 4.27285794e+05 4.49449979e+04
 2.56590328e+02 4.31049998e+05 4.41032114e+04
 2.94626517e+02 4.34799791e+05 4.33244358e+04
 3.38301078e+02 4.38539781e+05 4.26135879e+04
 3.88449825e+02 4.42265457e+05 4.19724023e+04
 4.46032474e+02 4.45947624e+05 4.14046368e+04
 5.12151005e+02 4.49574117e+05 4.09092568e+04
 5.88070749e+02 4.53124978e+05 4.04879949e+04
 6.75244612e+02 4.56584869e+05 4.01430758e+04
 7.75340869e+02 4.59939815e+05 3.98756863e+04
 8.90275098e+02 4.63169372e+05 3.96894787e+04
 1.02224684e+03 4.66278474e+05 3.95908369e+04
 1.17378167e+03 4.69282327e+05 3.95872613e+04
 1.34777958e+03 4.72188347e+05 3.96907477e+04
 1.54757043e+03 4.75016771e+05 3.99134934e+04
 1.77697768e+03 4.77782247e+05 4.02710613e+04
 2.04039157e+03 4.80505042e+05 4.07781625e+04
 2.34285317e+03 4.83207171e+05 4.14522158e+04
 2.69015077e+03 4.85911731e+05 4.23123201e+04
 3.08893073e+03 4.88631891e+05 4.33708042e+04
 3.54682465e+03 4.91374407e+05 4.46393068e+04
 4.07259541e+03 4.94151865e+05 4.61248152e+04
 4.67630487e+03 4.96970449e+05 4.78241248e+04
 5.36950642e+03 4.99836611e+05 4.97330184e+04
 6.16546612e+03 5.02755979e+05 5.18443827e+04
 7.07941652e+03 5.05710003e+05 5.41488441e+04
 8.12884821e+03 5.08704399e+05 5.66493648e+04
 9.33384454e+03 5.11741955e+05 5.93581611e+04
 1.07174660e+04 5.14815110e+05 6.23066607e+04
 1.23061913e+04 5.17938263e+05 6.55677858e+04
 1.41304246e+04 5.21159505e+05 6.92568309e+04
 1.62250768e+04 5.24544078e+05 7.35247658e+04
 1.86302340e+04 5.28144987e+05 7.84006045e+04
 2.13919246e+04 5.32279683e+05 8.39992230e+04
 2.45630000e+04 5.37027295e+05 9.04277641e+04
