 1.16000000e-04 1.33242862e+03 1.60581791e+04
 1.43924504e-04 1.69749965e+03 1.94784610e+04
 1.78571232e-04 2.15045368e+03 2.37221022e+04
 2.21558414e-04 2.71244664e+03 2.89873087e+04
 2.74893835e-04 3.40572098e+03 3.54475191e+04
 3.41068611e-04 4.27728419e+03 4.33486041e+04
 4.23173540e-04 5.39270754e+03 5.29263647e+04
 5.25043465e-04 6.84344815e+03 6.45261955e+04
 6.51436382e-04 8.77332337e+03 7.86465234e+04
 8.08255675e-04 1.14219708e+04 9.57370912e+04
 1.00282584e-03 1.51780441e+04 1.16479686e+05
 1.24423458e-03 2.05335639e+04 1.41474627e+05
 1.54375729e-03 2.82016961e+04 1.71778554e+05
 1.91538364e-03 3.92304052e+04 2.08419648e+05
 2.37647103e-03 5.48157691e+04 2.51869778e+05
 2.94855530e-03 7.62937939e+04 3.02016322e+05
 3.65835655e-03 1.05503657e+05 3.59172711e+05
 4.53902718e-03 1.44506011e+05 4.23179695e+05
 5.63170031e-03 1.95431112e+05 4.93244297e+05
 6.98741098e-03 2.59802547e+05 5.66309287e+05
 8.66947983e-03 3.38234885e+05 6.39751962e+05
 1.07564706e-02 4.31297073e+05 7.11811923e+05
 1.33458594e-02 5.38964174e+05 7.80608682e+05
 1.65585879e-02 6.59120525e+05 8.42019350e+05
 2.05447117e-02 7.88389130e+05 8.92469274e+05
 2.54904090e-02 9.23459667e+05 9.30159374e+05
 3.16266765e-02 1.06206686e+06 9.55328611e+05
 3.92401184e-02 1.20211016e+06 9.67766432e+05
 4.86863325e-02 1.34123420e+06 9.66750647e+05
 6.04065196e-02 1.47768790e+06 9.53126420e+05
 7.49480894e-02 1.61152906e+06 9.31389171e+05
 9.29902294e-02 1.74312210e+06 9.04227108e+05
 1.15375626e-01 1.87231522e+06 8.72976415e+05
 1.43149826e-01 1.99792177e+06 8.39844042e+05
 1.77610066e-01 2.12013595e+06 8.06567163e+05
 2.20365868e-01 2.23855227e+06 7.74698051e+05
 2.73414210e-01 2.35193242e+06 7.44704134e+05
 3.39232798e-01 2.46008705e+06 7.14498429e+05
 4.20895795e-01 2.56398994e+06 6.85359197e+05
 5.22217402e-01 2.66341296e+06 6.57910423e+05
 6.47930005e-01 2.75837223e+06 6.31546525e+05
 8.03905212e-01 2.84741871e+06 6.05763827e+05
 9.97428095e-01 2.92986867e+06 5.80280807e+05
 1.23753745e+00 3.00677116e+06 5.55665523e+05
 1.53544796e+00 3.07746927e+06 5.32953266e+05
 1.90507402e+00 3.14119159e+06 5.11136465e+05
 2.36367960e+00 3.19886771e+06 4.90235197e+05
 2.93268461e+00 3.25168515e+06 4.70709618e+05
 3.63866533e+00 3.30305431e+06 4.52349515e+05
 4.51459572e+00 3.35575473e+06 4.34927041e+05
 5.60138750e+00 3.41021031e+06 4.18176540e+05
 6.94980102e+00 3.46665981e+06 4.02138999e+05
 8.62281608e+00 3.52554286e+06 3.86843661e+05
 1.06985735e+01 3.58606054e+06 3.71848984e+05
 1.32740249e+01 3.64614933e+06 3.57060186e+05
 1.64694608e+01 3.70129557e+06 3.43085555e+05
 2.04341291e+01 3.74910096e+06 3.30194458e+05
 2.53532060e+01 3.79019915e+06 3.18212177e+05
 3.14564449e+01 3.82578964e+06 3.06881435e+05
 3.90289072e+01 3.85536448e+06 2.96179469e+05
 4.84242768e+01 3.87947093e+06 2.86250420e+05
 6.00813795e+01 3.90169417e+06 2.77232905e+05
 7.45446789e+01 3.92524140e+06 2.69274412e+05
 9.24897065e+01 3.95217948e+06 2.62609936e+05
 1.14754613e+02 3.98305999e+06 2.57605334e+05
 1.42379317e+02 4.01653238e+06 2.54595417e+05
 1.76654074e+02 4.05409921e+06 2.53671072e+05
 2.19179742e+02 4.09548487e+06 2.55231846e+05
 2.71942549e+02 4.13633532e+06 2.59692401e+05
 3.37406866e+02 4.17528433e+06 2.67356364e+05
 4.18630310e+02 4.21208747e+06 2.78564494e+05
 5.19406550e+02 4.24437946e+06 2.93647691e+05
 6.44442501e+02 4.27325936e+06 3.13062381e+05
 7.99578167e+02 4.29996407e+06 3.37813472e+05
 9.92059407e+02 4.32674813e+06 3.68805239e+05
 1.23087636e+03 4.35787780e+06 4.06913473e+05
 1.52718336e+03 4.39462261e+06 4.52678803e+05
 1.89481990e+03 4.43448117e+06 5.07291960e+05
 2.35095702e+03 4.48038255e+06 5.72052873e+05
 2.91689934e+03 4.53094952e+06 6.48162753e+05
 3.61908010e+03 4.58465550e+06 7.36507746e+05
 4.49029576e+03 4.64199313e+06 8.38359271e+05
 5.57123785e+03 4.70329727e+06 9.54241726e+05
 6.91239349e+03 4.76781782e+06 1.08592760e+06
 8.57640349e+03 4.84033698e+06 1.23489868e+06
 1.06409881e+04 4.92134494e+06 1.40356681e+06
 1.32025770e+04 5.01975955e+06 1.59554396e+06
 1.63808134e+04 5.14208402e+06 1.81427668e+06
 2.03241418e+04 5.29131204e+06 2.06406490e+06
 2.52167416e+04 5.47039678e+06 2.35571139e+06
 3.12871296e+04 5.68215848e+06 2.70110528e+06
 3.88188328e+04 5.92502655e+06 3.10821931e+06
 4.81636316e+04 6.20147846e+06 3.58847296e+06
 5.97579896e+04 6.50460644e+06 4.15417502e+06
 7.41434398e+04 6.82805209e+06 4.82404235e+06
 9.19918776e+04 7.17500838e+06 5.62519850e+06
 1.14136943e+05 7.55388936e+06 6.58583566e+06
 1.41612956e+05 7.97021913e+06 7.73735928e+06
 1.75703228e+05 8.48677135e+06 9.16608743e+06
 2.18000000e+05 9.12767239e+06 1.09387511e+07
