 4.34510000e-02 4.80047096e+00 7.52961568e+01
 4.77617884e-02 6.58488164e+00 8.09310608e+01
 5.25002516e-02 8.54632430e+00 8.71250056e+01
 5.77088193e-02 1.07023624e+01 9.39334538e+01
 6.34341307e-02 1.31963619e+01 1.01388348e+02
 6.97274523e-02 1.61590053e+01 1.09531432e+02
 7.66451364e-02 1.97171393e+01 1.18377253e+02
 8.42491262e-02 2.40292008e+01 1.27959833e+02
 9.26075105e-02 2.92574645e+01 1.38329146e+02
 1.01795133e-01 3.55547023e+01 1.49595565e+02
 1.11894262e-01 4.30924705e+01 1.61908099e+02
 1.22995330e-01 5.20956203e+01 1.75455423e+02
 1.35197738e-01 6.28658491e+01 1.90453479e+02
 1.48610752e-01 7.57514829e+01 2.07144773e+02
 1.63354475e-01 9.11595872e+01 2.25660158e+02
 1.79560927e-01 1.09625606e+02 2.46304844e+02
 1.97375227e-01 1.31786479e+02 2.69408974e+02
 2.16956890e-01 1.58369470e+02 2.95644833e+02
 2.38481257e-01 1.90271408e+02 3.25817226e+02
 2.62141063e-01 2.28627851e+02 3.60959200e+02
 2.88148166e-01 2.74747737e+02 4.02523048e+02
 3.16735443e-01 3.30022964e+02 4.52347510e+02
 3.48158874e-01 3.95706383e+02 5.12301742e+02
 3.82699833e-01 4.73181715e+02 5.84165720e+02
 4.20667613e-01 5.64018957e+02 6.69051067e+02
 4.62402189e-01 6.70405418e+02 7.68125493e+02
 5.08277266e-01 7.94137387e+02 8.84279622e+02
 5.58703626e-01 9.37203356e+02 1.02082267e+03
 6.14132801e-01 1.10202903e+03 1.18155582e+03
 6.75061124e-01 1.29210808e+03 1.37069897e+03
 7.42034166e-01 1.51140302e+03 1.59345813e+03
 8.15651627e-01 1.76427043e+03 1.85632715e+03
 8.96572700e-01 2.05394681e+03 2.16627922e+03
 9.85521981e-01 2.38546321e+03 2.52623127e+03
 1.08329595e+00 2.76445924e+03 2.93789366e+03
 1.19077011e+00 3.19690969e+03 3.40265371e+03
 1.30890681e+00 3.68815877e+03 3.92120831e+03
 1.43876390e+00 4.24220017e+03 4.49380971e+03
 1.58150415e+00 4.86294591e+03 5.12031187e+03
 1.73840571e+00 5.55473900e+03 5.80113984e+03
 1.91087353e+00 6.31943171e+03 6.53829328e+03
 2.10045194e+00 7.15639496e+03 7.33393271e+03
 2.30883849e+00 8.06080069e+03 8.19043449e+03
 2.53789913e+00 9.02694492e+03 9.11205177e+03
 2.78968496e+00 1.00524609e+04 1.01018489e+04
 3.06645055e+00 1.11348914e+04 1.11547071e+04
 3.37067415e+00 1.22687541e+04 1.22629135e+04
 3.70507987e+00 1.34373160e+04 1.34209872e+04
 4.07266209e+00 1.46256483e+04 1.46242822e+04
 4.47671227e+00 1.58254002e+04 1.58612279e+04
 4.92084841e+00 1.70267575e+04 1.71130300e+04
 5.40904745e+00 1.82150929e+04 1.83614087e+04
 5.94568087e+00 1.93769552e+04 1.96073978e+04
 6.53555388e+00 2.05063717e+04 2.08522215e+04
 7.18394839e+00 2.16293230e+04 2.20885882e+04
 7.89667034e+00 2.27740357e+04 2.33065260e+04
 8.68010167e+00 2.39598361e+04 2.45098233e+04
 9.54125749e+00 2.52019460e+04 2.57123594e+04
 1.04878489e+01 2.65167826e+04 2.69282133e+04
 1.15283519e+01 2.79119657e+04 2.81468526e+04
 1.26720836e+01 2.93888065e+04 2.93571207e+04
 1.39292853e+01 3.09212766e+04 3.05631159e+04
 1.53112144e+01 3.24701418e+04 3.17700254e+04
 1.68302451e+01 3.40110296e+04 3.29737043e+04
 1.84999794e+01 3.55362378e+04 3.41633079e+04
 2.03353687e+01 3.70383421e+04 3.53264447e+04
 2.23528474e+01 3.85077968e+04 3.64820897e+04
 2.45704810e+01 3.99319825e+04 3.76539734e+04
 2.70081267e+01 4.13085641e+04 3.88589019e+04
 2.96876121e+01 4.26567692e+04 4.01171524e+04
 3.26329301e+01 4.39847719e+04 4.14526793e+04
 3.58704542e+01 4.52889081e+04 4.28771916e+04
 3.94291740e+01 4.65521791e+04 4.43939224e+04
 4.33409557e+01 4.77798405e+04 4.59817640e+04
 4.76408266e+01 4.89835451e+04 4.76132675e+04
 5.23672891e+01 5.01691888e+04 4.92552390e+04
 5.75626655e+01 5.13328135e+04 5.08683461e+04
 6.32734770e+01 5.24742951e+04 5.24066792e+04
 6.95508601e+01 5.35946232e+04 5.38553324e+04
 7.64510244e+01 5.47329196e+04 5.52162284e+04
 8.40357563e+01 5.59191936e+04 5.64936702e+04
 9.23729721e+01 5.71671308e+04 5.76943707e+04
 1.01537326e+02 5.84907958e+04 5.88275060e+04
 1.11610878e+02 5.98965343e+04 5.99047904e+04
 1.22683831e+02 6.13800591e+04 6.09480829e+04
 1.34855336e+02 6.29356077e+04 6.19771233e+04
 1.48234379e+02 6.45296813e+04 6.30212392e+04
 1.62940762e+02 6.61225309e+04 6.41154041e+04
 1.79106170e+02 6.77202380e+04 6.53007889e+04
 1.96875354e+02 6.93348405e+04 6.66238818e+04
 2.16407424e+02 7.09687832e+04 6.81371676e+04
 2.37877278e+02 7.26286005e+04 6.98807056e+04
 2.61477163e+02 7.43185279e+04 7.18747594e+04
 2.87418400e+02 7.60427639e+04 7.41242334e+04
 3.15933277e+02 7.78011873e+04 7.66337817e+04
 3.47277124e+02 7.95900515e+04 7.94088749e+04
 3.81730605e+02 8.14038896e+04 8.24562256e+04
 4.19602227e+02 8.32541959e+04 8.57931955e+04
 4.61231106e+02 8.52880718e+04 8.94612273e+04
 5.06990000e+02 8.75237292e+04 9.34931659e+04
