 1.82810000e-02 8.05141110e+00 1.02264976e+02
 2.00470547e-02 1.08944200e+01 1.10815030e+02
 2.19837210e-02 1.40120807e+01 1.20191071e+02
 2.41074809e-02 1.74309262e+01 1.30472894e+02
 2.64364088e-02 2.14760469e+01 1.41859861e+02
 2.89903252e-02 2.63773694e+01 1.54460402e+02
 3.17909653e-02 3.23944698e+01 1.68401811e+02
 3.48621641e-02 3.98084315e+01 1.83802076e+02
 3.82300592e-02 4.89126412e+01 2.00671526e+02
 4.19233133e-02 6.00121647e+01 2.19073974e+02
 4.59733579e-02 7.32148987e+01 2.39083563e+02
 5.04146613e-02 8.86156388e+01 2.60824092e+02
 5.52850214e-02 1.06287022e+02 2.84586898e+02
 6.06258875e-02 1.26372590e+02 3.10735790e+02
 6.64827135e-02 1.49096034e+02 3.39873492e+02
 7.29053442e-02 1.74726857e+02 3.72676090e+02
 7.99484398e-02 2.04019263e+02 4.09730679e+02
 8.76719407e-02 2.38547389e+02 4.51609196e+02
 9.61415785e-02 2.79966685e+02 4.98895439e+02
 1.05429434e-01 3.29954280e+02 5.52265637e+02
 1.15614553e-01 3.90222004e+02 6.13417509e+02
 1.26783615e-01 4.62944659e+02 6.84146035e+02
 1.39031676e-01 5.50645628e+02 7.66681745e+02
 1.52462974e-01 6.55261806e+02 8.63607122e+02
 1.67191816e-01 7.78178159e+02 9.77777508e+02
 1.83343553e-01 9.21472640e+02 1.11240888e+03
 2.01055645e-01 1.08818247e+03 1.27060936e+03
 2.20478831e-01 1.28169752e+03 1.45523002e+03
 2.41778415e-01 1.50488459e+03 1.66958673e+03
 2.65135666e-01 1.76067710e+03 1.91665363e+03
 2.90749369e-01 2.05241958e+03 2.19821175e+03
 3.18837510e-01 2.38252893e+03 2.51643594e+03
 3.49639135e-01 2.75374784e+03 2.87354005e+03
 3.83416382e-01 3.16875478e+03 3.27306375e+03
 4.20456714e-01 3.63086552e+03 3.71672763e+03
 4.61075366e-01 4.14375720e+03 4.20584814e+03
 5.05618025e-01 4.71053021e+03 4.74368190e+03
 5.54463772e-01 5.33481101e+03 5.33651695e+03
 6.08028314e-01 6.02122375e+03 5.98856444e+03
 6.66767512e-01 6.76506867e+03 6.70424494e+03
 7.31181271e-01 7.55894201e+03 7.48570617e+03
 8.01817788e-01 8.39303221e+03 8.33415321e+03
 8.79278217e-01 9.25692810e+03 9.24414408e+03
 9.64221791e-01 1.01415631e+04 1.02051797e+04
 1.05737143e+00 1.10372081e+04 1.12057331e+04
 1.15951988e+00 1.19348384e+04 1.22388370e+04
 1.27153648e+00 1.28464832e+04 1.32964095e+04
 1.39437457e+00 1.37877074e+04 1.43713651e+04
 1.52907955e+00 1.47654318e+04 1.54587399e+04
 1.67679785e+00 1.57836533e+04 1.65703370e+04
 1.83878663e+00 1.68424771e+04 1.77221205e+04
 2.01642449e+00 1.79388876e+04 1.89162277e+04
 2.21122325e+00 1.90671831e+04 2.01495763e+04
 2.42484074e+00 2.02016934e+04 2.14175531e+04
 2.65909496e+00 2.13081379e+04 2.27117695e+04
 2.91597956e+00 2.23783864e+04 2.40186909e+04
 3.19768075e+00 2.34105631e+04 2.53101231e+04
 3.50659598e+00 2.44050203e+04 2.65584418e+04
 3.84535428e+00 2.53648131e+04 2.77655261e+04
 4.21683867e+00 2.62943220e+04 2.89235823e+04
 4.62421069e+00 2.72055471e+04 3.00242962e+04
 5.07093731e+00 2.81228771e+04 3.10618568e+04
 5.56082041e+00 2.90532587e+04 3.20387700e+04
 6.09802916e+00 3.00005961e+04 3.29587541e+04
 6.68713552e+00 3.09675043e+04 3.38187658e+04
 7.33315310e+00 3.19499527e+04 3.45994273e+04
 8.04157988e+00 3.29426694e+04 3.53106454e+04
 8.81844495e+00 3.39456063e+04 3.59658661e+04
 9.67035986e+00 3.49533726e+04 3.65807968e+04
 1.06045749e+01 3.59599576e+04 3.71691964e+04
 1.16290407e+01 3.69553351e+04 3.77478646e+04
 1.27524761e+01 3.79242767e+04 3.83427355e+04
 1.39844421e+01 3.88678764e+04 3.89787271e+04
 1.53354235e+01 3.97878863e+04 3.96633475e+04
 1.68169178e+01 4.06769085e+04 4.04034039e+04
 1.84415334e+01 4.15255425e+04 4.12012409e+04
 2.02230967e+01 4.23224864e+04 4.20580715e+04
 2.21767696e+01 4.30618598e+04 4.29745930e+04
 2.43191792e+01 4.37590990e+04 4.39432302e+04
 2.66685585e+01 4.44205466e+04 4.49538134e+04
 2.92449019e+01 4.50546829e+04 4.59939455e+04
 3.20701356e+01 4.56722133e+04 4.70416818e+04
 3.51683039e+01 4.62951174e+04 4.80770761e+04
 3.85657740e+01 4.69525376e+04 4.90769225e+04
 4.22914601e+01 4.76789077e+04 5.00140299e+04
 4.63770700e+01 4.84972157e+04 5.08669991e+04
 5.08573744e+01 4.94341798e+04 5.16158348e+04
 5.57705032e+01 5.05205138e+04 5.22467159e+04
 6.11582698e+01 5.17534616e+04 5.27750149e+04
 6.70665272e+01 5.31015802e+04 5.32320485e+04
 7.35455578e+01 5.45219006e+04 5.36619025e+04
 8.06505018e+01 5.59574053e+04 5.41289047e+04
 8.84418262e+01 5.73399800e+04 5.47030206e+04
 9.69858395e+01 5.85896871e+04 5.54562981e+04
 1.06355256e+02 5.96138239e+04 5.64479464e+04
 1.16629815e+02 6.04093587e+04 5.77044591e+04
 1.27896957e+02 6.09951331e+04 5.92400120e+04
 1.40252574e+02 6.13789953e+04 6.10784079e+04
 1.53801818e+02 6.17999409e+04 6.30944038e+04
 1.68660000e+02 6.22615524e+04 6.53051570e+04
