 1.77420000e-03 1.81084294e+00 5.12529199e+01
 1.94559755e-03 4.43059507e+00 5.96604716e+01
 2.13355304e-03 7.30342976e+00 6.88802394e+01
 2.33966608e-03 1.04537962e+01 7.89906878e+01
 2.56569078e-03 1.39841361e+01 9.02450131e+01
 2.81355072e-03 1.79668479e+01 1.02689393e+02
 3.08535530e-03 2.25277225e+01 1.16350387e+02
 3.38341771e-03 2.78373851e+01 1.31247760e+02
 3.71027460e-03 3.39897570e+01 1.47476578e+02
 4.06870767e-03 4.10155833e+01 1.65417985e+02
 4.46176736e-03 4.94701382e+01 1.85682607e+02
 4.89279880e-03 5.96502103e+01 2.08961622e+02
 5.36547026e-03 7.18047663e+01 2.35844425e+02
 5.88380440e-03 8.62013421e+01 2.66997455e+02
 6.45221249e-03 1.03404431e+02 3.03398071e+02
 7.07553195e-03 1.24284078e+02 3.46371710e+02
 7.75906752e-03 1.50319849e+02 3.96503911e+02
 8.50863641e-03 1.82062945e+02 4.53875060e+02
 9.33061781e-03 2.20731017e+02 5.17942620e+02
 1.02320072e-02 2.68431485e+02 5.89034002e+02
 1.12204757e-02 3.27727025e+02 6.67478962e+02
 1.23044358e-02 4.01274821e+02 7.53761534e+02
 1.34931124e-02 4.92123764e+02 8.47725019e+02
 1.47966218e-02 6.05175685e+02 9.49748760e+02
 1.62260574e-02 7.46650867e+02 1.06156452e+03
 1.77935845e-02 9.20512064e+02 1.18743786e+03
 1.95125433e-02 1.12937288e+03 1.33168495e+03
 2.13975630e-02 1.37556934e+03 1.49983235e+03
 2.34646861e-02 1.65924935e+03 1.69778326e+03
 2.57315047e-02 1.97909148e+03 1.93251034e+03
 2.82173105e-02 2.32752764e+03 2.21011378e+03
 3.09432590e-02 2.69485588e+03 2.53427577e+03
 3.39325492e-02 3.07853593e+03 2.90618487e+03
 3.72106214e-02 3.47760287e+03 3.32701106e+03
 4.08053734e-02 3.89129554e+03 3.79630284e+03
 4.47473985e-02 4.32325337e+03 4.31114193e+03
 4.90702450e-02 4.77884209e+03 4.86750668e+03
 5.38107024e-02 5.26788794e+03 5.46037694e+03
 5.90091143e-02 5.80225115e+03 6.08724355e+03
 6.47097215e-02 6.38711592e+03 6.74575256e+03
 7.09610389e-02 7.02595381e+03 7.43204723e+03
 7.78162683e-02 7.71834397e+03 8.14235019e+03
 8.53337507e-02 8.46082014e+03 8.87410586e+03
 9.35774636e-02 9.25061868e+03 9.62274525e+03
 1.02617565e-01 1.00847864e+04 1.03927216e+04
 1.12530990e-01 1.09558407e+04 1.11877235e+04
 1.23402107e-01 1.18565384e+04 1.20122452e+04
 1.35323434e-01 1.27803157e+04 1.28721881e+04
 1.48396427e-01 1.37301698e+04 1.37690174e+04
 1.62732343e-01 1.47069795e+04 1.47038639e+04
 1.78453189e-01 1.57067156e+04 1.56837315e+04
 1.95692755e-01 1.67252630e+04 1.67073943e+04
 2.14597759e-01 1.77679254e+04 1.77678944e+04
 2.35329091e-01 1.88410992e+04 1.88557128e+04
 2.58063184e-01 1.99486918e+04 1.99593433e+04
 2.82993517e-01 2.10771062e+04 2.10798134e+04
 3.10332258e-01 2.22173875e+04 2.22209571e+04
 3.40312073e-01 2.33664785e+04 2.33828710e+04
 3.73188104e-01 2.45197054e+04 2.45604870e+04
 4.09240141e-01 2.56636827e+04 2.57615837e+04
 4.48775005e-01 2.67821093e+04 2.69979119e+04
 4.92129156e-01 2.78637063e+04 2.82833050e+04
 5.39671558e-01 2.89248226e+04 2.96180786e+04
 5.91806819e-01 2.99776229e+04 3.09825769e+04
 6.48978635e-01 3.10295852e+04 3.23523279e+04
 7.11673565e-01 3.20898662e+04 3.37126166e+04
 7.80425173e-01 3.31722677e+04 3.50380153e+04
 8.55818566e-01 3.42953008e+04 3.62974497e+04
 9.38495379e-01 3.54753809e+04 3.74515697e+04
 1.02915923e+00 3.66998177e+04 3.84706328e+04
 1.12858171e+00 3.79532549e+04 3.93691191e+04
 1.23760895e+00 3.92230319e+04 4.01668504e+04
 1.35716883e+00 4.04939067e+04 4.08790787e+04
 1.48827886e+00 4.17458982e+04 4.15253662e+04
 1.63205484e+00 4.29521380e+04 4.21306766e+04
 1.78972037e+00 4.40814365e+04 4.27351300e+04
 1.96261727e+00 4.51304079e+04 4.33761565e+04
 2.15221697e+00 4.61127425e+04 4.40650958e+04
 2.36013305e+00 4.70464833e+04 4.48151608e+04
 2.58813497e+00 4.79547503e+04 4.56317558e+04
 2.83816314e+00 4.88658841e+04 4.65110764e+04
 3.11234542e+00 4.98192780e+04 4.74451175e+04
 3.41301522e+00 5.08542069e+04 4.84164174e+04
 3.74273139e+00 5.19776951e+04 4.94032910e+04
 4.10429997e+00 5.31812932e+04 5.03800013e+04
 4.50079808e+00 5.44422200e+04 5.13149627e+04
 4.93560010e+00 5.57319980e+04 5.21974478e+04
 5.41240640e+00 5.70164253e+04 5.30342688e+04
 5.93527484e+00 5.82465309e+04 5.38364194e+04
 6.50865525e+00 5.93749129e+04 5.46179395e+04
 7.13742740e+00 6.03902099e+04 5.53895233e+04
 7.82694241e+00 6.12813701e+04 5.61636830e+04
 8.58306839e+00 6.20452442e+04 5.69590198e+04
 9.41224033e+00 6.26801753e+04 5.77811257e+04
 1.03215149e+01 6.31814462e+04 5.86239778e+04
 1.13186304e+01 6.35755203e+04 5.94905558e+04
 1.24120727e+01 6.38950057e+04 6.03846367e+04
 1.36111477e+01 6.41440238e+04 6.13166516e+04
 1.49260599e+01 6.44170985e+04 6.23387043e+04
 1.63680000e+01 6.47165536e+04 6.34594930e+04
