 2.73460000e-01 4.59880555e+00 9.69990774e+01
 2.95605892e-01 6.08845308e+00 1.01537076e+02
 3.19545248e-01 7.69873828e+00 1.06442581e+02
 3.45423309e-01 9.43943085e+00 1.11745352e+02
 3.73397079e-01 1.13811071e+01 1.17528507e+02
 4.03636279e-01 1.35724993e+01 1.23867732e+02
 4.36324370e-01 1.60702702e+01 1.30744824e+02
 4.71659674e-01 1.89494340e+01 1.38107485e+02
 5.09856574e-01 2.22586027e+01 1.45824318e+02
 5.51146813e-01 2.61380088e+01 1.53792481e+02
 5.95780902e-01 3.06652104e+01 1.62119501e+02
 6.44029638e-01 3.58836014e+01 1.70998873e+02
 6.96185752e-01 4.18996686e+01 1.80658112e+02
 7.52565678e-01 4.88437453e+01 1.91413325e+02
 8.13511477e-01 5.68332631e+01 2.03659149e+02
 8.79392913e-01 6.60277110e+01 2.17785639e+02
 9.50609692e-01 7.66131073e+01 2.34076208e+02
 1.02759389e+00 8.91754963e+01 2.52537925e+02
 1.11081259e+00 1.04421860e+02 2.73117301e+02
 1.20077066e+00 1.23002182e+02 2.95735553e+02
 1.29801391e+00 1.45576833e+02 3.20342572e+02
 1.40313230e+00 1.72820157e+02 3.46929928e+02
 1.51676360e+00 2.05485990e+02 3.75628455e+02
 1.63959723e+00 2.44075591e+02 4.06687344e+02
 1.77237841e+00 2.88365189e+02 4.40519729e+02
 1.91591276e+00 3.38063168e+02 4.78145597e+02
 2.07107109e+00 3.93774979e+02 5.20878158e+02
 2.23879476e+00 4.56369463e+02 5.70080317e+02
 2.42010138e+00 5.27042792e+02 6.27405100e+02
 2.61609094e+00 6.07125074e+02 6.94741329e+02
 2.82795252e+00 6.98164930e+02 7.74213906e+02
 3.05697150e+00 8.02374194e+02 8.68423530e+02
 3.30453736e+00 9.22161040e+02 9.78992540e+02
 3.57215211e+00 1.05790255e+03 1.10732409e+03
 3.86143937e+00 1.21009346e+03 1.25500297e+03
 4.17415428e+00 1.37940316e+03 1.42377744e+03
 4.51219410e+00 1.56658152e+03 1.61551239e+03
 4.87760975e+00 1.77281796e+03 1.83223452e+03
 5.27261823e+00 1.99939661e+03 2.07557102e+03
 5.69961609e+00 2.24778519e+03 2.34645719e+03
 6.16119396e+00 2.52229922e+03 2.64568158e+03
 6.66015225e+00 2.82699298e+03 2.97392845e+03
 7.19951821e+00 3.16547502e+03 3.33057654e+03
 7.78256418e+00 3.54165837e+03 3.71419949e+03
 8.41282757e+00 3.95955792e+03 4.12737546e+03
 9.09413223e+00 4.42355346e+03 4.58195889e+03
 9.83061168e+00 4.93720304e+03 5.09507568e+03
 1.06267342e+01 5.50079094e+03 5.67593695e+03
 1.14873299e+01 6.11479813e+03 6.33457143e+03
 1.24176202e+01 6.78002210e+03 7.08072563e+03
 1.34232491e+01 7.49705799e+03 7.92430308e+03
 1.45103178e+01 8.26629734e+03 8.86436490e+03
 1.56854218e+01 9.08792589e+03 9.87675996e+03
 1.69556904e+01 9.96598679e+03 1.09317473e+04
 1.83288305e+01 1.09080920e+04 1.20230552e+04
 1.98131730e+01 1.19227845e+04 1.31436715e+04
 2.14177236e+01 1.30195958e+04 1.42915723e+04
 2.31522171e+01 1.42091097e+04 1.54672784e+04
 2.50271769e+01 1.55030316e+04 1.66743357e+04
 2.70539784e+01 1.69053771e+04 1.79196435e+04
 2.92449186e+01 1.84069790e+04 1.92094681e+04
 3.16132898e+01 1.99947508e+04 2.05324505e+04
 3.41734614e+01 2.16527053e+04 2.18751266e+04
 3.69409659e+01 2.33618124e+04 2.32180608e+04
 3.99325941e+01 2.50998425e+04 2.45405015e+04
 4.31664964e+01 2.68411931e+04 2.58323179e+04
 4.66622931e+01 2.85797752e+04 2.71124974e+04
 5.04411935e+01 3.03191143e+04 2.84039869e+04
 5.45261245e+01 3.20585208e+04 2.97282256e+04
 5.89418696e+01 3.37972572e+04 3.11094517e+04
 6.37152196e+01 3.55345085e+04 3.25753035e+04
 6.88751346e+01 3.72693532e+04 3.41489017e+04
 7.44529204e+01 3.90007368e+04 3.58460304e+04
 8.04824177e+01 4.07124643e+04 3.76550017e+04
 8.70002081e+01 4.24062925e+04 3.95483338e+04
 9.40458353e+01 4.40805601e+04 4.15054985e+04
 1.01662046e+02 4.57296254e+04 4.35036485e+04
 1.09895048e+02 4.73470824e+04 4.55162501e+04
 1.18794791e+02 4.89256855e+04 4.75135390e+04
 1.28415272e+02 5.04572729e+04 4.94604879e+04
 1.38814858e+02 5.19326861e+04 5.13418835e+04
 1.50056644e+02 5.33199310e+04 5.31749999e+04
 1.62208835e+02 5.46243121e+04 5.49730950e+04
 1.75345160e+02 5.58686543e+04 5.67468308e+04
 1.89545317e+02 5.70847221e+04 5.85090838e+04
 2.04895460e+02 5.83093346e+04 6.02869497e+04
 2.21488720e+02 5.95841099e+04 6.21170758e+04
 2.39425768e+02 6.09548599e+04 6.40254419e+04
 2.58815431e+02 6.24734126e+04 6.60196906e+04
 2.79775347e+02 6.41611145e+04 6.80982013e+04
 3.02432681e+02 6.60216979e+04 7.02664054e+04
 3.26924898e+02 6.80537764e+04 7.25298872e+04
 3.53400592e+02 7.02567994e+04 7.48866529e+04
 3.82020396e+02 7.26320679e+04 7.73304628e+04
 4.12957946e+02 7.51836572e+04 7.98486768e+04
 4.46400943e+02 7.79202960e+04 8.24501178e+04
 4.82552289e+02 8.08566908e+04 8.51583210e+04
 5.21631317e+02 8.40098788e+04 8.79949035e+04
 5.63875122e+02 8.74184247e+04 9.10612038e+04
 6.09540000e+02 9.11030083e+04 9.43758255e+04
