 9.86280000e-05 9.91230304e+00 3.36006700e+01
 1.07094688e-04 1.35291823e+01 4.21662624e+01
 1.16288196e-04 1.74565514e+01 5.14671653e+01
 1.26270917e-04 2.17210642e+01 6.15665012e+01
 1.37110602e-04 2.65075556e+01 7.27136147e+01
 1.48880816e-04 3.19412517e+01 8.50584599e+01
 1.61661440e-04 3.82003337e+01 9.87439748e+01
 1.75539213e-04 4.54925846e+01 1.13929232e+02
 1.90608318e-04 5.38998040e+01 1.30783918e+02
 2.06971026e-04 6.35934824e+01 1.49556427e+02
 2.24738384e-04 7.46416806e+01 1.70617745e+02
 2.44030976e-04 8.71737737e+01 1.94392597e+02
 2.64979734e-04 1.01597476e+02 2.21449727e+02
 2.87726831e-04 1.18336881e+02 2.52371615e+02
 3.12426645e-04 1.37778234e+02 2.87809521e+02
 3.39246807e-04 1.60641002e+02 3.28447014e+02
 3.68369336e-04 1.87573718e+02 3.74786013e+02
 3.99991879e-04 2.19739688e+02 4.27120685e+02
 4.34329049e-04 2.59020368e+02 4.85743887e+02
 4.71613882e-04 3.06629193e+02 5.50840672e+02
 5.12099418e-04 3.63514770e+02 6.22866875e+02
 5.56060423e-04 4.30954120e+02 7.02737213e+02
 6.03795245e-04 5.10541356e+02 7.91492124e+02
 6.55627846e-04 6.05481476e+02 8.90542320e+02
 7.11910001e-04 7.18694271e+02 1.00305762e+03
 7.73023678e-04 8.51387427e+02 1.13325107e+03
 8.39383638e-04 1.00460025e+03 1.28605690e+03
 9.11440248e-04 1.18050117e+03 1.46449766e+03
 9.89682532e-04 1.38134596e+03 1.67019333e+03
 1.07464150e-03 1.60895673e+03 1.90472726e+03
 1.16689374e-03 1.86140734e+03 2.16957242e+03
 1.26706535e-03 2.13674067e+03 2.46258727e+03
 1.37583615e-03 2.43410813e+03 2.77978576e+03
 1.49394435e-03 2.75466196e+03 3.11633462e+03
 1.62219150e-03 3.09885213e+03 3.47208200e+03
 1.76144799e-03 3.46684966e+03 3.84897403e+03
 1.91265891e-03 3.85735133e+03 4.24957117e+03
 2.07685048e-03 4.27110810e+03 4.67683724e+03
 2.25513701e-03 4.70880220e+03 5.13625444e+03
 2.44872850e-03 5.17176843e+03 5.63439857e+03
 2.65893878e-03 5.65960684e+03 6.17526943e+03
 2.88719450e-03 6.17089153e+03 6.75635626e+03
 3.13504475e-03 6.70398941e+03 7.37330695e+03
 3.40417162e-03 7.26088255e+03 8.01987386e+03
 3.69640160e-03 7.84410391e+03 8.68848674e+03
 4.01371797e-03 8.45651443e+03 9.36892005e+03
 4.35827425e-03 9.09767407e+03 1.00465554e+04
 4.73240886e-03 9.76642760e+03 1.07132724e+04
 5.13866092e-03 1.04633680e+04 1.13687285e+04
 5.57978756e-03 1.11889893e+04 1.20129468e+04
 6.05878256e-03 1.19413056e+04 1.26468425e+04
 6.57889674e-03 1.27137404e+04 1.32717929e+04
 7.14365994e-03 1.34918240e+04 1.38925038e+04
 7.75690505e-03 1.42658001e+04 1.45220383e+04
 8.42279398e-03 1.50283277e+04 1.51697902e+04
 9.14584593e-03 1.57696406e+04 1.58408522e+04
 9.93096803e-03 1.64787196e+04 1.65411187e+04
 1.07834887e-02 1.71419836e+04 1.72773286e+04
 1.17091937e-02 1.77531235e+04 1.80461462e+04
 1.27143655e-02 1.83228979e+04 1.88384233e+04
 1.38058260e-02 1.88597015e+04 1.96391265e+04
 1.49909825e-02 1.93702843e+04 2.04304965e+04
 1.62778784e-02 1.98629499e+04 2.11918855e+04
 1.76752475e-02 2.03480138e+04 2.18995783e+04
 1.91925732e-02 2.08411746e+04 2.25267271e+04
 2.08401533e-02 2.13576826e+04 2.30784226e+04
 2.26291693e-02 2.19036636e+04 2.35730310e+04
 2.45717628e-02 2.24861871e+04 2.40323017e+04
 2.66811176e-02 2.31133211e+04 2.44824620e+04
 2.89715493e-02 2.37892194e+04 2.49544395e+04
 3.14586023e-02 2.45128460e+04 2.54833853e+04
 3.41591555e-02 2.52791028e+04 2.60984059e+04
 3.70915369e-02 2.60788955e+04 2.67956277e+04
 4.02756475e-02 2.69013216e+04 2.75607496e+04
 4.37330971e-02 2.77335710e+04 2.83762124e+04
 4.74873503e-02 2.85548600e+04 2.92210366e+04
 5.15638860e-02 2.93503729e+04 3.00706403e+04
 5.59903707e-02 3.01151608e+04 3.08949373e+04
 6.07968454e-02 3.08447113e+04 3.16819947e+04
 6.60159304e-02 3.15342921e+04 3.24300238e+04
 7.16830460e-02 3.21789088e+04 3.31375176e+04
 7.78366532e-02 3.27710381e+04 3.38032314e+04
 8.45185148e-02 3.33168091e+04 3.44261665e+04
 9.17739786e-02 3.38252441e+04 3.50055558e+04
 9.96522852e-02 3.42984028e+04 3.55465122e+04
 1.08206902e-01 3.47418125e+04 3.60511949e+04
 1.17495888e-01 3.51625617e+04 3.65228078e+04
 1.27582283e-01 3.55683302e+04 3.69656267e+04
 1.38534542e-01 3.59779840e+04 3.73850327e+04
 1.50426994e-01 3.64062143e+04 3.77875534e+04
 1.63340349e-01 3.68631658e+04 3.81809113e+04
 1.77362247e-01 3.73622188e+04 3.85747912e+04
 1.92587850e-01 3.79146467e+04 3.89739226e+04
 2.09120490e-01 3.85321210e+04 3.93840213e+04
 2.27072369e-01 3.92278836e+04 3.98113741e+04
 2.46565321e-01 4.00043777e+04 4.02630204e+04
 2.67731639e-01 4.08617188e+04 4.07470118e+04
 2.90714972e-01 4.18070775e+04 4.12728158e+04
 3.15671302e-01 4.28335902e+04 4.18437574e+04
 3.42770000e-01 4.39482236e+04 4.24637112e+04
