 1.16680000e-04 1.02061655e+02 1.03826924e+03
 1.39729917e-04 1.81099614e+02 1.20469691e+03
 1.67333302e-04 2.75751375e+02 1.40400206e+03
 2.00389684e-04 3.89101415e+02 1.64267957e+03
 2.39976293e-04 5.26705869e+02 1.91858194e+03
 2.87383163e-04 6.94286670e+02 2.22807443e+03
 3.44155171e-04 8.98369754e+02 2.56944309e+03
 4.12142385e-04 1.14675135e+03 2.93923676e+03
 4.93560345e-04 1.44673766e+03 3.33331579e+03
 5.91062273e-04 1.80407057e+03 3.74570573e+03
 7.07825524e-04 2.22199570e+03 4.17261815e+03
 8.47655139e-04 2.70207383e+03 4.61173243e+03
 1.01510783e-03 3.24439858e+03 5.06375369e+03
 1.21564050e-03 3.84223033e+03 5.52678777e+03
 1.45578801e-03 4.48390991e+03 5.99831938e+03
 1.74337622e-03 5.15992337e+03 6.47688061e+03
 2.08777695e-03 5.85789561e+03 6.96033521e+03
 2.50021340e-03 6.57486949e+03 7.45437414e+03
 2.99412590e-03 7.31195698e+03 7.97200995e+03
 3.58560990e-03 8.07163622e+03 8.52526938e+03
 4.29394046e-03 8.87150548e+03 9.12907298e+03
 5.14220040e-03 9.73596561e+03 9.80578835e+03
 6.15803252e-03 1.06839083e+04 1.05767227e+04
 7.37454037e-03 1.17367922e+04 1.14595429e+04
 8.83136709e-03 1.29073737e+04 1.24524720e+04
 1.05759872e-02 1.42085605e+04 1.35444614e+04
 1.26652538e-02 1.56603499e+04 1.47191751e+04
 1.51672511e-02 1.72638075e+04 1.59628023e+04
 1.81635133e-02 1.90102792e+04 1.72481054e+04
 2.17516816e-02 2.09057915e+04 1.85584541e+04
 2.60486858e-02 2.29553929e+04 1.98936142e+04
 3.11945551e-02 2.51601900e+04 2.12585201e+04
 3.73569814e-02 2.75111209e+04 2.26499934e+04
 4.47367836e-02 2.99875122e+04 2.40629427e+04
 5.35744518e-02 3.25958465e+04 2.54754496e+04
 6.41579851e-02 3.53738665e+04 2.68768085e+04
 7.68322756e-02 3.83523693e+04 2.82469412e+04
 9.20103485e-02 4.15478904e+04 2.95433080e+04
 1.10186822e-01 4.49785102e+04 3.07308539e+04
 1.31954023e-01 4.86649400e+04 3.18130789e+04
 1.58021295e-01 5.26001317e+04 3.27967582e+04
 1.89238107e-01 5.67648207e+04 3.36937524e+04
 2.26621743e-01 6.10985080e+04 3.45098785e+04
 2.71390446e-01 6.55175787e+04 3.52434295e+04
 3.25003124e-01 7.00022924e+04 3.59130623e+04
 3.89206886e-01 7.45360915e+04 3.65373903e+04
 4.66093981e-01 7.91069216e+04 3.71034840e+04
 5.58169979e-01 8.37540173e+04 3.76047223e+04
 6.68435419e-01 8.84809651e+04 3.80467815e+04
 8.00483592e-01 9.32928384e+04 3.84340078e+04
 9.58617635e-01 9.82000227e+04 3.87771544e+04
 1.14799076e+00 1.03134757e+05 3.90704098e+04
 1.37477420e+00 1.08006279e+05 3.93007758e+04
 1.64635829e+00 1.12709226e+05 3.94478738e+04
 1.97159330e+00 1.17192749e+05 3.94944075e+04
 2.36107789e+00 1.21420742e+05 3.94386021e+04
 2.82750443e+00 1.25370505e+05 3.92945653e+04
 3.38607266e+00 1.29075685e+05 3.90778935e+04
 4.05498501e+00 1.32632137e+05 3.88023278e+04
 4.85603975e+00 1.36181448e+05 3.84851413e+04
 5.81534136e+00 1.39900514e+05 3.81663243e+04
 6.96415122e+00 1.43858346e+05 3.78862592e+04
 8.33990633e+00 1.48089727e+05 3.76623345e+04
 9.98743929e+00 1.52619269e+05 3.74894532e+04
 1.19604393e+01 1.57396639e+05 3.73598085e+04
 1.43232019e+01 1.62332272e+05 3.72869578e+04
 1.71527237e+01 1.67319283e+05 3.72889197e+04
 2.05412123e+01 1.72221377e+05 3.73710514e+04
 2.45990906e+01 1.76895670e+05 3.75464892e+04
 2.94585951e+01 1.81334200e+05 3.78407534e+04
 3.52780858e+01 1.85556775e+05 3.83167746e+04
 4.22472059e+01 1.89611057e+05 3.90527444e+04
 5.05930628e+01 1.93523890e+05 4.01232797e+04
 6.05876282e+01 1.97349032e+05 4.16070402e+04
 7.25566013e+01 2.01165235e+05 4.35811554e+04
 8.68900228e+01 2.05058187e+05 4.60638394e+04
 1.04054985e+02 2.09024486e+05 4.90355674e+04
 1.24610854e+02 2.13064886e+05 5.24541431e+04
 1.49227496e+02 2.17183223e+05 5.63100786e+04
 1.78707110e+02 2.21407579e+05 6.06192887e+04
 2.14010366e+02 2.25798527e+05 6.53883132e+04
 2.56287716e+02 2.30448135e+05 7.06447620e+04
 3.06916877e+02 2.35491074e+05 7.65155420e+04
 3.67547734e+02 2.41113732e+05 8.31339845e+04
 4.40156105e+02 2.47538365e+05 9.06202362e+04
 5.27108124e+02 2.55043929e+05 9.90270311e+04
 6.31237353e+02 2.63893427e+05 1.08352958e+05
 7.55937116e+02 2.74115258e+05 1.18631587e+05
 9.05271086e+02 2.85639805e+05 1.29914343e+05
 1.08410570e+03 2.98269904e+05 1.42282368e+05
 1.29826877e+03 3.11640979e+05 1.56057698e+05
 1.55473934e+03 3.25545839e+05 1.71650186e+05
 1.86187521e+03 3.39772418e+05 1.89552062e+05
 2.22968519e+03 3.54137128e+05 2.10393112e+05
 2.67015535e+03 3.69264437e+05 2.35056784e+05
 3.19763956e+03 3.85816660e+05 2.64509188e+05
 3.82932731e+03 4.04689081e+05 2.99808264e+05
 4.58580378e+03 4.26850415e+05 3.41902313e+05
 5.49172078e+03 4.53389679e+05 3.92311963e+05
 6.57660000e+03 4.85171726e+05 4.52679946e+05
